<?xml version="1.0" encoding="utf-8"?>
<COLLADA xmlns="http://www.collada.org/2005/11/COLLADASchema" version="1.4.1">
  <asset>
    <contributor>
      <author>Mixamo</author>
      <authoring_tool>COLLADA Mixamo exporter</authoring_tool>
      <comments/>
    </contributor>
    <created>2024-03-09T21:31:11Z</created>
    <modified>2024-03-09T21:31:11Z</modified>
    <revision/>
    <title/>
    <unit meter="0.010000"/>
    <up_axis>Y_UP</up_axis>
  </asset>
  <library_animations>
    <animation id="mixamorig_Hips-anim" name="mixamorig_Hips">
      <source id="mixamorig_Hips-Matrix-animation-input">
        <float_array id="mixamorig_Hips-Matrix-animation-input-array" count="37">

0.000000 0.033333 0.066667 0.100000 0.133333 0.166667 0.200000 0.233333 0.266667 0.300000 0.333333 0.366667 0.400000 0.433333 0.466667 0.500000
0.533333 0.566667 0.600000 0.633333 0.666667 0.700000 0.733333 0.766667 0.800000 0.833333 0.866667 0.900000 0.933333 0.966667 1.000000 1.033333
1.066667 1.100000 1.133333 1.166667 1.200000</float_array>
        <technique_common>
          <accessor source="#mixamorig_Hips-Matrix-animation-input-array" count="37">
            <param name="TIME" type="float"/>
          </accessor>
        </technique_common>
      </source>
      <source id="mixamorig_Hips-Matrix-animation-output-transform">
        <float_array id="mixamorig_Hips-Matrix-animation-output-transform-array" count="592">

0.994803 0.082243 -0.060023 1.077480 -0.067603 0.974356 0.214617 109.850586 0.076135 -0.209444 0.974852 1.060349 0.000000 0.000000 0.000000 1.000000
0.995426 0.078441 -0.054531 0.671487 -0.066166 0.977816 0.198742 111.859909 0.068911 -0.194225 0.978534 0.718916 0.000000 0.000000 0.000000 1.000000
0.996117 0.071254 -0.051709 0.252616 -0.060881 0.981770 0.180058 113.305489 0.063596 -0.176211 0.982296 0.173313 0.000000 0.000000 0.000000 1.000000
0.996476 0.064540 -0.053578 -0.231552 -0.054982 0.984947 0.163880 113.464417 0.063349 -0.160357 0.985024 -0.704461 0.000000 0.000000 0.000000 1.000000
0.995998 0.067391 -0.058704 -0.565716 -0.057740 0.986554 0.152898 112.828217 0.068219 -0.148897 0.986497 -1.741742 0.000000 0.000000 0.000000 1.000000
0.993695 0.084243 -0.073980 -0.320836 -0.072842 0.986719 0.145187 110.247650 0.085228 -0.138883 0.986635 -1.896642 0.000000 0.000000 0.000000 1.000000
0.990851 0.099007 -0.091712 0.226875 -0.085402 0.986184 0.141945 107.486748 0.104499 -0.132814 0.985617 -1.876957 0.000000 0.000000 0.000000 1.000000
0.988532 0.102643 -0.110763 1.078777 -0.086532 0.986139 0.141568 104.672516 0.123759 -0.130359 0.983712 -2.089368 0.000000 0.000000 0.000000 1.000000
0.984830 0.107843 -0.135944 2.402312 -0.088794 0.986283 0.139147 102.120522 0.149085 -0.124965 0.980896 -1.605478 0.000000 0.000000 0.000000 1.000000
0.981724 0.108970 -0.156023 3.976748 -0.088066 0.986904 0.135149 100.473343 0.168707 -0.118939 0.978464 -0.737172 0.000000 0.000000 0.000000 1.000000
0.979558 0.107992 -0.169720 5.795469 -0.084952 0.986837 0.137607 99.225914 0.182346 -0.120376 0.975838 0.022307 0.000000 0.000000 0.000000 1.000000
0.979516 0.097987 -0.175917 7.920366 -0.072638 0.986737 0.145166 98.271843 0.187809 -0.129414 0.973643 0.984416 0.000000 0.000000 0.000000 1.000000
0.979107 0.086173 -0.184183 9.665405 -0.056413 0.985323 0.161111 97.882484 0.195363 -0.147355 0.969598 1.310895 0.000000 0.000000 0.000000 1.000000
0.978014 0.073605 -0.195120 11.083521 -0.038296 0.983120 0.178908 98.542336 0.204995 -0.167502 0.964324 1.126165 0.000000 0.000000 0.000000 1.000000
0.978994 0.067610 -0.192354 12.165831 -0.029019 0.980020 0.196771 100.271385 0.201815 -0.187055 0.961395 0.826012 0.000000 0.000000 0.000000 1.000000
0.982232 0.063336 -0.176660 12.913226 -0.025686 0.977842 0.207761 102.628906 0.185905 -0.199532 0.962095 0.449881 0.000000 0.000000 0.000000 1.000000
0.985077 0.052896 -0.163782 13.452744 -0.017305 0.977219 0.211525 104.971367 0.171239 -0.205534 0.963552 0.066519 0.000000 0.000000 0.000000 1.000000
0.986874 0.045762 -0.154875 13.837831 -0.011691 0.976740 0.214108 107.618484 0.161071 -0.209487 0.964454 -0.058716 0.000000 0.000000 0.000000 1.000000
0.987379 0.039263 -0.153429 14.109397 -0.005843 0.977154 0.212452 110.209778 0.158265 -0.208874 0.965051 -0.124546 0.000000 0.000000 0.000000 1.000000
0.987479 0.032970 -0.154264 14.199141 0.000019 0.977890 0.209121 112.887314 0.157748 -0.206506 0.965645 -0.091298 0.000000 0.000000 0.000000 1.000000
0.986676 0.024327 -0.160869 14.235828 0.009725 0.978172 0.207568 114.813667 0.162407 -0.206367 0.964902 0.225333 0.000000 0.000000 0.000000 1.000000
0.986554 0.019355 -0.162287 14.208398 0.014302 0.978930 0.203696 115.489906 0.162810 -0.203278 0.965490 0.297979 0.000000 0.000000 0.000000 1.000000
0.986910 0.013960 -0.160669 14.124588 0.018296 0.980123 0.197545 114.379364 0.160233 -0.197899 0.967037 0.110922 0.000000 0.000000 0.000000 1.000000
0.987770 0.001673 -0.155908 13.879979 0.028437 0.981238 0.190691 112.441185 0.153301 -0.192793 0.969190 0.204719 0.000000 0.000000 0.000000 1.000000
0.989198 -0.008814 -0.146323 13.718665 0.036439 0.981644 0.187210 109.467285 0.141987 -0.190520 0.971361 0.075349 0.000000 0.000000 0.000000 1.000000
0.990254 -0.017934 -0.138116 13.368759 0.044177 0.980912 0.189368 105.919067 0.132084 -0.193624 0.972144 -0.181383 0.000000 0.000000 0.000000 1.000000
0.991544 -0.022007 -0.127890 12.399272 0.047067 0.979398 0.196380 102.362000 0.120933 -0.200739 0.972152 0.292770 0.000000 0.000000 0.000000 1.000000
0.993055 -0.011599 -0.117075 10.848501 0.036152 0.977065 0.209848 100.047501 0.111956 -0.212624 0.970699 0.975502 0.000000 0.000000 0.000000 1.000000
0.993893 0.006959 -0.110127 8.998943 0.017884 0.974656 0.222992 98.816544 0.108888 -0.223600 0.968580 1.663726 0.000000 0.000000 0.000000 1.000000
0.994773 0.031869 -0.097009 7.209141 -0.008156 0.971812 0.235615 98.188805 0.101783 -0.233592 0.966993 2.180907 0.000000 0.000000 0.000000 1.000000
0.994607 0.050039 -0.090843 5.809460 -0.025862 0.967902 0.249996 97.669998 0.100437 -0.246298 0.963976 1.940793 0.000000 0.000000 0.000000 1.000000
0.993767 0.072123 -0.085005 4.702381 -0.047779 0.964491 0.259760 97.929703 0.100721 -0.254079 0.961925 1.130186 0.000000 0.000000 0.000000 1.000000
0.992777 0.080907 -0.088594 3.420843 -0.055809 0.965079 0.255946 99.950729 0.106208 -0.249153 0.962623 0.870711 0.000000 0.000000 0.000000 1.000000
0.992685 0.089055 -0.081518 2.627908 -0.066304 0.966402 0.248336 102.147591 0.100895 -0.241114 0.965238 0.568727 0.000000 0.000000 0.000000 1.000000
0.993329 0.090827 -0.071052 2.114299 -0.071836 0.969368 0.234875 104.453781 0.090208 -0.228204 0.969425 0.429227 0.000000 0.000000 0.000000 1.000000
0.994044 0.088148 -0.064082 1.560545 -0.071526 0.971351 0.226631 107.336273 0.082223 -0.220697 0.971870 0.779685 0.000000 0.000000 0.000000 1.000000
0.994803 0.082243 -0.060023 1.077481 -0.067603 0.974356 0.214617 109.850586 0.076135 -0.209444 0.974852 1.060349 0.000000 0.000000 0.000000 1.000000</float_array>
        <technique_common>
          <accessor source="#mixamorig_Hips-Matrix-animation-output-transform-array" count="37" stride="16">
            <param type="float4x4"/>
          </accessor>
        </technique_common>
      </source>
      <source id="mixamorig_Hips-Interpolations">
        <Name_array id="mixamorig_Hips-Interpolations-array" count="37">
 LINEAR LINEAR LINEAR LINEAR LINEAR LINEAR LINEAR LINEAR LINEAR LINEAR LINEAR
LINEAR LINEAR LINEAR LINEAR LINEAR LINEAR LINEAR LINEAR LINEAR LINEAR LINEAR LINEAR
LINEAR LINEAR LINEAR LINEAR LINEAR LINEAR LINEAR LINEAR LINEAR LINEAR LINEAR LINEAR
LINEAR LINEAR</Name_array>
        <technique_common>
          <accessor source="#mixamorig_Hips-Interpolations-array" count="37">
            <param type="name"/>
          </accessor>
        </technique_common>
      </source>
      <sampler id="mixamorig_Hips-Matrix-animation-transform">
        <input semantic="INPUT" source="#mixamorig_Hips-Matrix-animation-input"/>
        <input semantic="OUTPUT" source="#mixamorig_Hips-Matrix-animation-output-transform"/>
        <input semantic="INTERPOLATION" source="#mixamorig_Hips-Interpolations"/>
      </sampler>
      <channel source="#mixamorig_Hips-Matrix-animation-transform" target="mixamorig_Hips/matrix"/>
    </animation>
    <animation id="mixamorig_Spine-anim" name="mixamorig_Spine">
      <source id="mixamorig_Spine-Matrix-animation-input">
        <float_array id="mixamorig_Spine-Matrix-animation-input-array" count="37">

0.000000 0.033333 0.066667 0.100000 0.133333 0.166667 0.200000 0.233333 0.266667 0.300000 0.333333 0.366667 0.400000 0.433333 0.466667 0.500000
0.533333 0.566667 0.600000 0.633333 0.666667 0.700000 0.733333 0.766667 0.800000 0.833333 0.866667 0.900000 0.933333 0.966667 1.000000 1.033333
1.066667 1.100000 1.133333 1.166667 1.200000</float_array>
        <technique_common>
          <accessor source="#mixamorig_Spine-Matrix-animation-input-array" count="37">
            <param name="TIME" type="float"/>
          </accessor>
        </technique_common>
      </source>
      <source id="mixamorig_Spine-Matrix-animation-output-transform">
        <float_array id="mixamorig_Spine-Matrix-animation-output-transform-array" count="592">

0.997315 -0.045343 0.057508 0.072000 0.055107 0.981840 -0.181531 7.257300 -0.048233 0.184213 0.981702 -0.789700 0.000000 0.000000 0.000000 1.000000
0.997227 -0.033171 0.066622 0.072000 0.044108 0.984445 -0.170066 7.257300 -0.059945 0.172533 0.983178 -0.789700 0.000000 0.000000 0.000000 1.000000
0.997078 -0.015186 0.074869 0.072000 0.027067 0.986692 -0.160334 7.257300 -0.071438 0.161892 0.984219 -0.789700 0.000000 0.000000 0.000000 1.000000
0.996636 0.005642 0.081757 0.072000 0.006912 0.988285 -0.152465 7.257300 -0.081660 0.152517 0.984921 -0.789700 0.000000 0.000000 0.000000 1.000000
0.995950 0.016319 0.088411 0.072000 -0.003332 0.989413 -0.145088 7.257300 -0.089842 0.144206 0.985461 -0.789700 0.000000 0.000000 0.000000 1.000000
0.995270 0.012699 0.096315 0.072000 0.000754 0.990379 -0.138376 7.257300 -0.097146 0.137794 0.985685 -0.789700 0.000000 0.000000 0.000000 1.000000
0.994634 0.008816 0.103075 0.072000 0.005198 0.990844 -0.134913 7.257300 -0.103321 0.134725 0.985482 -0.789700 0.000000 0.000000 0.000000 1.000000
0.994129 0.012354 0.107491 0.072000 0.002210 0.990935 -0.134323 7.257300 -0.108176 0.133772 0.985090 -0.789700 0.000000 0.000000 0.000000 1.000000
0.993863 0.014299 0.109691 0.072000 0.000341 0.991210 -0.132295 7.257300 -0.110618 0.131521 0.985122 -0.789700 0.000000 0.000000 0.000000 1.000000
0.993859 0.015895 0.109509 0.072000 -0.001685 0.991688 -0.128656 7.257300 -0.110644 0.127681 0.985624 -0.789700 0.000000 0.000000 0.000000 1.000000
0.993812 0.019776 0.109303 0.072000 -0.005714 0.991822 -0.127500 7.257300 -0.110930 0.126086 0.985797 -0.789700 0.000000 0.000000 0.000000 1.000000
0.993441 0.024890 0.111608 0.072000 -0.009989 0.991182 -0.132132 7.257300 -0.113913 0.130151 0.984929 -0.789700 0.000000 0.000000 0.000000 1.000000
0.992804 0.032763 0.115182 0.072000 -0.016089 0.989620 -0.142807 7.257300 -0.118665 0.139926 0.983026 -0.789700 0.000000 0.000000 0.000000 1.000000
0.992547 0.040668 0.114879 0.072000 -0.022372 0.987460 -0.156275 7.257300 -0.119794 0.152541 0.981010 -0.789700 0.000000 0.000000 0.000000 1.000000
0.993533 0.043069 0.105061 0.072000 -0.024971 0.985497 -0.167848 7.257300 -0.110766 0.164139 0.980199 -0.789700 0.000000 0.000000 0.000000 1.000000
0.995343 0.042241 0.086649 0.072000 -0.026508 0.984161 -0.175283 7.257300 -0.092681 0.172170 0.980698 -0.789700 0.000000 0.000000 0.000000 1.000000
0.996883 0.041778 0.066932 0.072000 -0.029163 0.983337 -0.179437 7.257300 -0.073313 0.176925 0.981490 -0.789700 0.000000 0.000000 0.000000 1.000000
0.997714 0.043238 0.051933 0.072000 -0.033106 0.982712 -0.182159 7.257300 -0.058911 0.180023 0.981897 -0.789700 0.000000 0.000000 0.000000 1.000000
0.998095 0.044786 0.042443 0.072000 -0.036266 0.982310 -0.183719 7.257300 -0.049920 0.181830 0.982062 -0.789700 0.000000 0.000000 0.000000 1.000000
0.998355 0.044279 0.036426 0.072000 -0.036873 0.982329 -0.183493 7.257300 -0.043907 0.181848 0.982346 -0.789700 0.000000 0.000000 0.000000 1.000000
0.998686 0.040548 0.031328 0.072000 -0.034223 0.982859 -0.181157 7.257300 -0.038137 0.179847 0.982955 -0.789700 0.000000 0.000000 0.000000 1.000000
0.999217 0.031180 0.024346 0.072000 -0.026412 0.984000 -0.176200 7.257300 -0.029450 0.175419 0.984053 -0.789700 0.000000 0.000000 0.000000 1.000000
0.999713 0.018852 0.014815 0.072000 -0.016082 0.985517 -0.168815 7.257300 -0.017783 0.168528 0.985536 -0.789700 0.000000 0.000000 0.000000 1.000000
0.999938 0.010455 0.003833 0.072000 -0.009699 0.986845 -0.161376 7.257300 -0.005470 0.161329 0.986886 -0.789700 0.000000 0.000000 0.000000 1.000000
0.999985 -0.001135 -0.005438 0.072000 0.000264 0.987480 -0.157744 7.257300 0.005549 0.157741 0.987465 -0.789700 0.000000 0.000000 0.000000 1.000000
0.999860 -0.012206 -0.011425 0.072000 0.010215 0.986978 -0.160534 7.257300 0.013236 0.160394 0.986964 -0.789700 0.000000 0.000000 0.000000 1.000000
0.999706 -0.018454 -0.015744 0.072000 0.015536 0.985545 -0.168700 7.257300 0.018629 0.168406 0.985542 -0.789700 0.000000 0.000000 0.000000 1.000000
0.999426 -0.027554 -0.019710 0.072000 0.023593 0.983612 -0.178748 7.257300 0.024313 0.178181 0.983697 -0.789700 0.000000 0.000000 0.000000 1.000000
0.998904 -0.039700 -0.024786 0.072000 0.034350 0.981586 -0.187905 7.257300 0.031790 0.186847 0.981874 -0.789700 0.000000 0.000000 0.000000 1.000000
0.998091 -0.054656 -0.028742 0.072000 0.047995 0.979456 -0.195862 7.257300 0.038857 0.194108 0.980210 -0.789700 0.000000 0.000000 0.000000 1.000000
0.997259 -0.069050 -0.026575 0.072000 0.062273 0.977304 -0.202481 7.257300 0.039953 0.200271 0.978925 -0.789700 0.000000 0.000000 0.000000 1.000000
0.996856 -0.077770 -0.015131 0.072000 0.073005 0.975841 -0.205922 7.257300 0.030780 0.204170 0.978451 -0.789700 0.000000 0.000000 0.000000 1.000000
0.996993 -0.077426 0.003128 0.072000 0.076424 0.975820 -0.204778 7.257300 0.012802 0.204402 0.978803 -0.789700 0.000000 0.000000 0.000000 1.000000
0.996968 -0.074978 0.020792 0.072000 0.077626 0.976685 -0.200151 7.257300 -0.005301 0.201158 0.979544 -0.789700 0.000000 0.000000 0.000000 1.000000
0.996943 -0.069521 0.035671 0.072000 0.075154 0.978080 -0.194196 7.257300 -0.021389 0.196283 0.980314 -0.789700 0.000000 0.000000 0.000000 1.000000
0.997023 -0.060668 0.047585 0.072000 0.068589 0.979782 -0.187942 7.257300 -0.035220 0.190647 0.981027 -0.789700 0.000000 0.000000 0.000000 1.000000
0.997315 -0.045343 0.057508 0.072000 0.055108 0.981840 -0.181531 7.257300 -0.048233 0.184213 0.981702 -0.789700 0.000000 0.000000 0.000000 1.000000</float_array>
        <technique_common>
          <accessor source="#mixamorig_Spine-Matrix-animation-output-transform-array" count="37" stride="16">
            <param type="float4x4"/>
          </accessor>
        </technique_common>
      </source>
      <source id="mixamorig_Spine-Interpolations">
        <Name_array id="mixamorig_Spine-Interpolations-array" count="37">
 LINEAR LINEAR LINEAR LINEAR LINEAR LINEAR LINEAR LINEAR LINEAR LINEAR LINEAR
LINEAR LINEAR LINEAR LINEAR LINEAR LINEAR LINEAR LINEAR LINEAR LINEAR LINEAR LINEAR
LINEAR LINEAR LINEAR LINEAR LINEAR LINEAR LINEAR LINEAR LINEAR LINEAR LINEAR LINEAR
LINEAR LINEAR</Name_array>
        <technique_common>
          <accessor source="#mixamorig_Spine-Interpolations-array" count="37">
            <param type="name"/>
          </accessor>
        </technique_common>
      </source>
      <sampler id="mixamorig_Spine-Matrix-animation-transform">
        <input semantic="INPUT" source="#mixamorig_Spine-Matrix-animation-input"/>
        <input semantic="OUTPUT" source="#mixamorig_Spine-Matrix-animation-output-transform"/>
        <input semantic="INTERPOLATION" source="#mixamorig_Spine-Interpolations"/>
      </sampler>
      <channel source="#mixamorig_Spine-Matrix-animation-transform" target="mixamorig_Spine/matrix"/>
    </animation>
    <animation id="mixamorig_Spine1-anim" name="mixamorig_Spine1">
      <source id="mixamorig_Spine1-Matrix-animation-input">
        <float_array id="mixamorig_Spine1-Matrix-animation-input-array" count="37">

0.000000 0.033333 0.066667 0.100000 0.133333 0.166667 0.200000 0.233333 0.266667 0.300000 0.333333 0.366667 0.400000 0.433333 0.466667 0.500000
0.533333 0.566667 0.600000 0.633333 0.666667 0.700000 0.733333 0.766667 0.800000 0.833333 0.866667 0.900000 0.933333 0.966667 1.000000 1.033333
1.066667 1.100000 1.133333 1.166667 1.200000</float_array>
        <technique_common>
          <accessor source="#mixamorig_Spine1-Matrix-animation-input-array" count="37">
            <param name="TIME" type="float"/>
          </accessor>
        </technique_common>
      </source>
      <source id="mixamorig_Spine1-Matrix-animation-output-transform">
        <float_array id="mixamorig_Spine1-Matrix-animation-output-transform-array" count="592">

0.999705 0.012104 0.021044 0.000000 -0.007352 0.977085 -0.212723 8.558700 -0.023137 0.212506 0.976886 0.000000 0.000000 0.000000 0.000000 1.000000
0.999605 0.013223 0.024783 0.000000 -0.007819 0.978388 -0.206630 8.558700 -0.026979 0.206354 0.978105 0.000000 0.000000 0.000000 0.000000 1.000000
0.999484 0.014361 0.028718 0.000000 -0.008314 0.979651 -0.200538 8.558700 -0.031013 0.200196 0.979265 0.000000 0.000000 0.000000 0.000000 1.000000
0.999363 0.014901 0.032427 -0.000000 -0.008308 0.980835 -0.194665 8.558700 -0.034706 0.194271 0.980334 0.000000 0.000000 0.000000 0.000000 1.000000
0.999261 0.014569 0.035581 -0.000000 -0.007583 0.981927 -0.189106 8.558700 -0.037693 0.188696 0.981312 -0.000000 0.000000 0.000000 0.000000 1.000000
0.999169 0.014117 0.038228 -0.000000 -0.006828 0.982813 -0.184475 8.558700 -0.040175 0.184061 0.982093 0.000000 0.000000 0.000000 0.000000 1.000000
0.999075 0.014756 0.040401 -0.000000 -0.007179 0.983340 -0.181637 8.558700 -0.042408 0.181179 0.982535 0.000000 0.000000 0.000000 0.000000 1.000000
0.998987 0.016831 0.041743 0.000000 -0.009050 0.983620 -0.180026 8.558700 -0.044089 0.179466 0.982776 0.000000 0.000000 0.000000 0.000000 1.000000
0.998936 0.019240 0.041916 0.000000 -0.011485 0.983972 -0.177954 8.558700 -0.044668 0.177283 0.983146 0.000000 0.000000 0.000000 0.000000 1.000000
0.998937 0.020684 0.041191 0.000000 -0.013142 0.984378 -0.175579 8.558700 -0.044179 0.174851 0.983603 0.000000 0.000000 0.000000 0.000000 1.000000
0.998950 0.021551 0.040433 0.000000 -0.014137 0.984393 -0.175415 8.558700 -0.043583 0.174659 0.983664 -0.000000 0.000000 0.000000 0.000000 1.000000
0.998898 0.023377 0.040687 0.000000 -0.015719 0.983673 -0.179279 8.558700 -0.044214 0.178442 0.982957 0.000000 0.000000 0.000000 0.000000 1.000000
0.998773 0.026014 0.042144 -0.000000 -0.017729 0.982352 -0.186197 8.558700 -0.046244 0.185221 0.981608 0.000000 0.000000 0.000000 0.000000 1.000000
0.998716 0.027266 0.042689 -0.000000 -0.018503 0.980900 -0.193633 8.558700 -0.047153 0.192594 0.980145 0.000000 0.000000 0.000000 0.000000 1.000000
0.998891 0.026011 0.039233 -0.000000 -0.017661 0.979667 -0.199852 8.558700 -0.043634 0.198937 0.979040 0.000000 0.000000 0.000000 0.000000 1.000000
0.999223 0.023628 0.031544 0.000000 -0.016686 0.978713 -0.204556 8.558700 -0.035706 0.203871 0.978346 -0.000000 0.000000 0.000000 0.000000 1.000000
0.999505 0.021612 0.022859 0.000000 -0.016381 0.977928 -0.208299 8.558700 -0.026857 0.207821 0.977798 0.000000 0.000000 0.000000 0.000000 1.000000
0.999674 0.019652 0.016283 0.000000 -0.015767 0.977259 -0.211464 8.558700 -0.020068 0.211139 0.977250 0.000000 0.000000 0.000000 0.000000 1.000000
0.999779 0.016984 0.012367 0.000000 -0.013954 0.976852 -0.213462 8.558700 -0.015706 0.213242 0.976873 -0.000000 0.000000 0.000000 0.000000 1.000000
0.999853 0.013900 0.010009 0.000000 -0.011443 0.976879 -0.213487 8.558700 -0.012745 0.213342 0.976895 0.000000 0.000000 0.000000 0.000000 1.000000
0.999907 0.011169 0.007836 0.000000 -0.009260 0.977353 -0.211413 8.558700 -0.010020 0.211320 0.977365 -0.000000 0.000000 0.000000 0.000000 1.000000
0.999947 0.009121 0.004810 0.000000 -0.007925 0.978242 -0.207316 8.558700 -0.006596 0.207266 0.978262 0.000000 0.000000 0.000000 0.000000 1.000000
0.999969 0.007792 0.000770 0.000000 -0.007476 0.979450 -0.201550 8.558700 -0.002325 0.201538 0.979478 0.000000 0.000000 0.000000 0.000000 1.000000
0.999968 0.007164 -0.003628 0.000000 -0.007736 0.980622 -0.195754 8.558700 0.002155 0.195776 0.980646 -0.000000 0.000000 0.000000 0.000000 1.000000
0.999948 0.006914 -0.007445 0.000000 -0.008217 0.981286 -0.192383 8.558700 0.005976 0.192434 0.981292 0.000000 0.000000 0.000000 0.000000 1.000000
0.999932 0.006147 -0.009950 0.000000 -0.007949 0.981225 -0.192705 8.558700 0.008579 0.192771 0.981206 -0.000000 0.000000 0.000000 0.000000 1.000000
0.999931 0.003778 -0.011098 0.000000 -0.005880 0.980589 -0.195988 8.558700 0.010142 0.196040 0.980543 0.000000 0.000000 0.000000 0.000000 1.000000
0.999932 -0.000555 -0.011676 0.000000 -0.001800 0.979646 -0.200725 8.558700 0.011550 0.200733 0.979578 -0.000000 0.000000 0.000000 0.000000 1.000000
0.999906 -0.005928 -0.012355 0.000000 0.003254 0.978513 -0.206157 8.558700 0.013312 0.206098 0.978441 0.000000 0.000000 0.000000 0.000000 1.000000
0.999872 -0.010160 -0.012390 -0.000000 0.007298 0.977169 -0.212340 8.558700 0.014264 0.212222 0.977117 -0.000000 0.000000 0.000000 0.000000 1.000000
0.999886 -0.011194 -0.010088 -0.000000 0.008721 0.975808 -0.218456 8.558700 0.012289 0.218343 0.975795 0.000000 0.000000 0.000000 0.000000 1.000000
0.999948 -0.008955 -0.004814 0.000000 0.007660 0.974925 -0.222400 8.558700 0.006685 0.222351 0.974944 -0.000000 0.000000 0.000000 0.000000 1.000000
0.999985 -0.005060 0.002010 0.000000 0.005381 0.974788 -0.223069 8.558700 -0.000830 0.223077 0.974801 -0.000000 0.000000 0.000000 0.000000 1.000000
0.999965 -0.000922 0.008367 -0.000000 0.002753 0.975145 -0.221551 8.558700 -0.007955 0.221566 0.975113 -0.000000 0.000000 0.000000 0.000000 1.000000
0.999904 0.003269 0.013483 0.000000 -0.000233 0.975671 -0.219239 8.558700 -0.013872 0.219215 0.975578 0.000000 0.000000 0.000000 0.000000 1.000000
0.999816 0.007658 0.017602 0.000000 -0.003668 0.976299 -0.216397 8.558700 -0.018842 0.216292 0.976147 0.000000 0.000000 0.000000 0.000000 1.000000
0.999705 0.012104 0.021044 0.000000 -0.007352 0.977085 -0.212723 8.558700 -0.023137 0.212506 0.976886 -0.000000 0.000000 0.000000 0.000000 1.000000</float_array>
        <technique_common>
          <accessor source="#mixamorig_Spine1-Matrix-animation-output-transform-array" count="37" stride="16">
            <param type="float4x4"/>
          </accessor>
        </technique_common>
      </source>
      <source id="mixamorig_Spine1-Interpolations">
        <Name_array id="mixamorig_Spine1-Interpolations-array" count="37">
 LINEAR LINEAR LINEAR LINEAR LINEAR LINEAR LINEAR LINEAR LINEAR LINEAR LINEAR
LINEAR LINEAR LINEAR LINEAR LINEAR LINEAR LINEAR LINEAR LINEAR LINEAR LINEAR LINEAR
LINEAR LINEAR LINEAR LINEAR LINEAR LINEAR LINEAR LINEAR LINEAR LINEAR LINEAR LINEAR
LINEAR LINEAR</Name_array>
        <technique_common>
          <accessor source="#mixamorig_Spine1-Interpolations-array" count="37">
            <param type="name"/>
          </accessor>
        </technique_common>
      </source>
      <sampler id="mixamorig_Spine1-Matrix-animation-transform">
        <input semantic="INPUT" source="#mixamorig_Spine1-Matrix-animation-input"/>
        <input semantic="OUTPUT" source="#mixamorig_Spine1-Matrix-animation-output-transform"/>
        <input semantic="INTERPOLATION" source="#mixamorig_Spine1-Interpolations"/>
      </sampler>
      <channel source="#mixamorig_Spine1-Matrix-animation-transform" target="mixamorig_Spine1/matrix"/>
    </animation>
    <animation id="mixamorig_Spine2-anim" name="mixamorig_Spine2">
      <source id="mixamorig_Spine2-Matrix-animation-input">
        <float_array id="mixamorig_Spine2-Matrix-animation-input-array" count="37">

0.000000 0.033333 0.066667 0.100000 0.133333 0.166667 0.200000 0.233333 0.266667 0.300000 0.333333 0.366667 0.400000 0.433333 0.466667 0.500000
0.533333 0.566667 0.600000 0.633333 0.666667 0.700000 0.733333 0.766667 0.800000 0.833333 0.866667 0.900000 0.933333 0.966667 1.000000 1.033333
1.066667 1.100000 1.133333 1.166667 1.200000</float_array>
        <technique_common>
          <accessor source="#mixamorig_Spine2-Matrix-animation-input-array" count="37">
            <param name="TIME" type="float"/>
          </accessor>
        </technique_common>
      </source>
      <source id="mixamorig_Spine2-Matrix-animation-output-transform">
        <float_array id="mixamorig_Spine2-Matrix-animation-output-transform-array" count="592">

0.999732 0.010109 0.020830 0.000000 -0.007137 0.990391 -0.138114 29.149500 -0.022026 0.137928 0.990197 1.721100 0.000000 0.000000 0.000000 1.000000
0.999626 0.011011 0.025031 -0.000000 -0.007616 0.991235 -0.131893 29.149500 -0.026264 0.131653 0.990948 1.721100 0.000000 0.000000 0.000000 1.000000
0.999499 0.011937 0.029320 -0.000000 -0.008161 0.992038 -0.125676 29.149500 -0.030587 0.125373 0.991638 1.721100 0.000000 0.000000 0.000000 1.000000
0.999374 0.012297 0.033157 -0.000000 -0.008244 0.992775 -0.119710 29.149500 -0.034390 0.119362 0.992255 1.721100 0.000000 0.000000 0.000000 1.000000
0.999274 0.011838 0.036213 0.000000 -0.007634 0.993439 -0.114111 29.149500 -0.037327 0.113751 0.992808 1.721100 0.000000 0.000000 0.000000 1.000000
0.999188 0.011299 0.038671 0.000000 -0.007003 0.993963 -0.109493 29.149500 -0.039675 0.109134 0.993235 1.721100 0.000000 0.000000 0.000000 1.000000
0.999101 0.011872 0.040706 0.000000 -0.007466 0.994261 -0.106719 29.149500 -0.041740 0.106320 0.993456 1.721100 0.000000 0.000000 0.000000 1.000000
0.999021 0.013918 0.041997 0.000000 -0.009431 0.994406 -0.105206 29.149500 -0.043227 0.104707 0.993563 1.721100 0.000000 0.000000 0.000000 1.000000
0.998976 0.016371 0.042175 0.000000 -0.011942 0.994587 -0.103215 29.149500 -0.043637 0.102605 0.993765 1.721100 0.000000 0.000000 0.000000 1.000000
0.998979 0.017900 0.041473 0.000000 -0.013638 0.994806 -0.100870 29.149500 -0.043063 0.100202 0.994035 1.721100 0.000000 0.000000 0.000000 1.000000
0.998993 0.018777 0.040757 0.000000 -0.014589 0.994807 -0.100726 29.149500 -0.042437 0.100030 0.994079 1.721100 0.000000 0.000000 0.000000 1.000000
0.998947 0.020432 0.041080 0.000000 -0.016034 0.994377 -0.104680 29.149500 -0.042988 0.103911 0.993657 1.721100 0.000000 0.000000 0.000000 1.000000
0.998834 0.022761 0.042580 0.000000 -0.017877 0.993574 -0.111767 29.149500 -0.044850 0.110875 0.992822 1.721100 0.000000 0.000000 0.000000 1.000000
0.998791 0.023807 0.043012 -0.000000 -0.018522 0.992678 -0.119364 29.149500 -0.045538 0.118423 0.991918 1.721100 0.000000 0.000000 0.000000 1.000000
0.998973 0.022689 0.039224 0.000000 -0.017595 0.991918 -0.125654 29.149500 -0.041758 0.124835 0.991298 1.721100 0.000000 0.000000 0.000000 1.000000
0.999300 0.020779 0.031110 0.000000 -0.016556 0.991333 -0.130328 29.149500 -0.033548 0.129721 0.990983 1.721100 0.000000 0.000000 0.000000 1.000000
0.999569 0.019336 0.022086 -0.000000 -0.016207 0.990852 -0.133979 29.149500 -0.024474 0.133563 0.990738 1.721100 0.000000 0.000000 0.000000 1.000000
0.999724 0.017835 0.015286 -0.000000 -0.015574 0.990442 -0.137048 29.149500 -0.017584 0.136772 0.990447 1.721100 0.000000 0.000000 0.000000 1.000000
0.999818 0.015473 0.011168 0.000000 -0.013771 0.990201 -0.138968 29.149500 -0.013209 0.138789 0.990234 1.721100 0.000000 0.000000 0.000000 1.000000
0.999884 0.012607 0.008557 -0.000000 -0.011297 0.990238 -0.138928 29.149500 -0.010225 0.138815 0.990266 1.721100 0.000000 0.000000 0.000000 1.000000
0.999931 0.010088 0.006062 0.000000 -0.009165 0.990559 -0.136778 29.149500 -0.007385 0.136713 0.990583 1.721100 0.000000 0.000000 0.000000 1.000000
0.999962 0.008308 0.002675 0.000000 -0.007880 0.991144 -0.132560 29.149500 -0.003753 0.132534 0.991171 1.721100 0.000000 0.000000 0.000000 1.000000
0.999972 0.007307 -0.001666 -0.000000 -0.007459 0.991924 -0.126613 29.149500 0.000727 0.126622 0.991951 1.721100 0.000000 0.000000 0.000000 1.000000
0.999956 0.007022 -0.006184 -0.000000 -0.007717 0.992670 -0.120613 29.149500 0.005291 0.120655 0.992680 1.721100 0.000000 0.000000 0.000000 1.000000
0.999926 0.007064 -0.009930 0.000000 -0.008178 0.993088 -0.117084 29.149500 0.009034 0.117157 0.993072 1.721100 0.000000 0.000000 0.000000 1.000000
0.999903 0.006489 -0.012331 0.000000 -0.007891 0.993060 -0.117342 29.149500 0.011484 0.117428 0.993015 1.721100 0.000000 0.000000 0.000000 1.000000
0.999900 0.004213 -0.013514 0.000000 -0.005813 0.992679 -0.120642 29.149500 0.012907 0.120708 0.992604 1.721100 0.000000 0.000000 0.000000 1.000000
0.999898 -0.000046 -0.014264 0.000000 -0.001744 0.992099 -0.125442 29.149500 0.014158 0.125455 0.991998 1.721100 0.000000 0.000000 0.000000 1.000000
0.999872 -0.005288 -0.015088 0.000000 0.003266 0.991381 -0.130970 29.149500 0.015651 0.130904 0.991272 1.721100 0.000000 0.000000 0.000000 1.000000
0.999842 -0.009398 -0.015088 0.000000 0.007239 0.990505 -0.137289 29.149500 0.016235 0.137158 0.990416 1.721100 0.000000 0.000000 0.000000 1.000000
0.999866 -0.010520 -0.012565 0.000000 0.008608 0.989602 -0.143572 29.149500 0.013944 0.143444 0.989560 1.721100 0.000000 0.000000 0.000000 1.000000
0.999938 -0.008692 -0.006995 0.000000 0.007564 0.989009 -0.147663 29.149500 0.008202 0.147601 0.989013 1.721100 0.000000 0.000000 0.000000 1.000000
0.999985 -0.005406 0.000130 0.000000 0.005366 0.988910 -0.148421 29.149500 0.000673 0.148420 0.988924 1.721100 0.000000 0.000000 0.000000 1.000000
0.999975 -0.001851 0.006840 0.000000 0.002836 0.989141 -0.146940 29.149500 -0.006494 0.146956 0.989122 1.721100 0.000000 0.000000 0.000000 1.000000
0.999921 0.001888 0.012399 0.000000 -0.000075 0.989484 -0.144641 29.149500 -0.012542 0.144628 0.989407 1.721100 0.000000 0.000000 0.000000 1.000000
0.999838 0.005936 0.016988 0.000000 -0.003467 0.989890 -0.141797 29.149500 -0.017658 0.141715 0.989750 1.721100 0.000000 0.000000 0.000000 1.000000
0.999732 0.010109 0.020830 0.000000 -0.007137 0.990391 -0.138114 29.149500 -0.022026 0.137928 0.990197 1.721100 0.000000 0.000000 0.000000 1.000000</float_array>
        <technique_common>
          <accessor source="#mixamorig_Spine2-Matrix-animation-output-transform-array" count="37" stride="16">
            <param type="float4x4"/>
          </accessor>
        </technique_common>
      </source>
      <source id="mixamorig_Spine2-Interpolations">
        <Name_array id="mixamorig_Spine2-Interpolations-array" count="37">
 LINEAR LINEAR LINEAR LINEAR LINEAR LINEAR LINEAR LINEAR LINEAR LINEAR LINEAR
LINEAR LINEAR LINEAR LINEAR LINEAR LINEAR LINEAR LINEAR LINEAR LINEAR LINEAR LINEAR
LINEAR LINEAR LINEAR LINEAR LINEAR LINEAR LINEAR LINEAR LINEAR LINEAR LINEAR LINEAR
LINEAR LINEAR</Name_array>
        <technique_common>
          <accessor source="#mixamorig_Spine2-Interpolations-array" count="37">
            <param type="name"/>
          </accessor>
        </technique_common>
      </source>
      <sampler id="mixamorig_Spine2-Matrix-animation-transform">
        <input semantic="INPUT" source="#mixamorig_Spine2-Matrix-animation-input"/>
        <input semantic="OUTPUT" source="#mixamorig_Spine2-Matrix-animation-output-transform"/>
        <input semantic="INTERPOLATION" source="#mixamorig_Spine2-Interpolations"/>
      </sampler>
      <channel source="#mixamorig_Spine2-Matrix-animation-transform" target="mixamorig_Spine2/matrix"/>
    </animation>
    <animation id="mixamorig_Neck-anim" name="mixamorig_Neck">
      <source id="mixamorig_Neck-Matrix-animation-input">
        <float_array id="mixamorig_Neck-Matrix-animation-input-array" count="37">

0.000000 0.033333 0.066667 0.100000 0.133333 0.166667 0.200000 0.233333 0.266667 0.300000 0.333333 0.366667 0.400000 0.433333 0.466667 0.500000
0.533333 0.566667 0.600000 0.633333 0.666667 0.700000 0.733333 0.766667 0.800000 0.833333 0.866667 0.900000 0.933333 0.966667 1.000000 1.033333
1.066667 1.100000 1.133333 1.166667 1.200000</float_array>
        <technique_common>
          <accessor source="#mixamorig_Neck-Matrix-animation-input-array" count="37">
            <param name="TIME" type="float"/>
          </accessor>
        </technique_common>
      </source>
      <source id="mixamorig_Neck-Matrix-animation-output-transform">
        <float_array id="mixamorig_Neck-Matrix-animation-output-transform-array" count="592">

0.999059 0.043112 -0.004669 0.000000 -0.043264 0.983654 -0.174796 13.857900 -0.002943 0.174834 0.984594 7.405300 0.000000 0.000000 0.000000 1.000000
0.999191 0.039761 -0.006094 0.000000 -0.040213 0.983636 -0.175621 13.857900 -0.000988 0.175724 0.984439 7.405300 0.000000 0.000000 0.000000 1.000000
0.999400 0.033922 -0.007016 0.000000 -0.034626 0.983996 -0.174796 13.857900 0.000974 0.174934 0.984580 7.405300 0.000000 0.000000 0.000000 1.000000
0.999573 0.028370 -0.006931 -0.000000 -0.029142 0.984453 -0.173214 13.857900 0.001909 0.173342 0.984860 7.405300 0.000000 0.000000 0.000000 1.000000
0.999662 0.025338 -0.005818 -0.000000 -0.025961 0.984788 -0.171807 13.857900 0.001376 0.171900 0.985113 7.405300 0.000000 0.000000 0.000000 1.000000
0.999668 0.025425 -0.004258 0.000000 -0.025779 0.984958 -0.170859 13.857900 -0.000150 0.170912 0.985286 7.405300 0.000000 0.000000 0.000000 1.000000
0.999646 0.026462 -0.002676 0.000000 -0.026531 0.985065 -0.170126 13.857900 -0.001866 0.170137 0.985419 7.405300 0.000000 0.000000 0.000000 1.000000
0.999644 0.026655 -0.001417 -0.000000 -0.026508 0.985135 -0.169723 13.857900 -0.003128 0.169700 0.985491 7.405300 0.000000 0.000000 0.000000 1.000000
0.999654 0.026294 -0.000575 -0.000000 -0.026009 0.985114 -0.169925 13.857900 -0.003901 0.169881 0.985457 7.405300 0.000000 0.000000 0.000000 1.000000
0.999665 0.025889 -0.000204 0.000000 -0.025545 0.985031 -0.170474 13.857900 -0.004213 0.170422 0.985362 7.405300 0.000000 0.000000 0.000000 1.000000
0.999651 0.026432 -0.000219 0.000000 -0.026081 0.984971 -0.170741 13.857900 -0.004298 0.170687 0.985316 7.405300 0.000000 0.000000 0.000000 1.000000
0.999630 0.027190 -0.000827 0.000000 -0.026933 0.984977 -0.170573 13.857900 -0.003823 0.170533 0.985345 7.405300 0.000000 0.000000 0.000000 1.000000
0.999604 0.028100 -0.001360 -0.000000 -0.027920 0.984976 -0.170421 13.857900 -0.003449 0.170391 0.985370 7.405300 0.000000 0.000000 0.000000 1.000000
0.999561 0.029600 -0.001440 0.000000 -0.029410 0.984816 -0.171092 13.857900 -0.003647 0.171059 0.985254 7.405300 0.000000 0.000000 0.000000 1.000000
0.999483 0.032137 -0.000417 0.000000 -0.031724 0.984421 -0.172944 13.857900 -0.005148 0.172868 0.984931 7.405300 0.000000 0.000000 0.000000 1.000000
0.999387 0.034983 0.001146 0.000000 -0.034239 0.983881 -0.175519 13.857900 -0.007268 0.175372 0.984475 7.405300 0.000000 0.000000 0.000000 1.000000
0.999349 0.036019 0.001915 0.000000 -0.035106 0.983463 -0.177675 13.857900 -0.008283 0.177492 0.984087 7.405300 0.000000 0.000000 0.000000 1.000000
0.999426 0.033806 0.002026 -0.000000 -0.032902 0.983402 -0.178431 13.857900 -0.008025 0.178262 0.983950 7.405300 0.000000 0.000000 0.000000 1.000000
0.999576 0.029089 0.001269 0.000000 -0.028398 0.983610 -0.178060 13.857900 -0.006428 0.177948 0.984019 7.405300 0.000000 0.000000 0.000000 1.000000
0.999714 0.023908 0.000209 0.000000 -0.023490 0.983778 -0.177848 13.857900 -0.004458 0.177792 0.984058 7.405300 0.000000 0.000000 0.000000 1.000000
0.999787 0.020632 -0.000899 -0.000000 -0.020461 0.983682 -0.178751 13.857900 -0.002803 0.178731 0.983894 7.405300 0.000000 0.000000 0.000000 1.000000
0.999790 0.020452 -0.001125 -0.000000 -0.020319 0.983373 -0.180459 13.857900 -0.002584 0.180444 0.983582 7.405300 0.000000 0.000000 0.000000 1.000000
0.999719 0.023682 -0.000577 0.000000 -0.023393 0.983079 -0.181680 13.857900 -0.003736 0.181642 0.983358 7.405300 0.000000 0.000000 0.000000 1.000000
0.999573 0.029208 0.000270 0.000000 -0.028675 0.983012 -0.181287 13.857900 -0.005560 0.181202 0.983430 7.405300 0.000000 0.000000 0.000000 1.000000
0.999393 0.034828 0.000554 0.000000 -0.034166 0.983253 -0.179016 13.857900 -0.006780 0.178888 0.983846 7.405300 0.000000 0.000000 0.000000 1.000000
0.999262 0.038396 -0.000545 0.000000 -0.037896 0.983757 -0.175458 13.857900 -0.006201 0.175349 0.984487 7.405300 0.000000 0.000000 0.000000 1.000000
0.999252 0.038594 -0.002305 0.000000 -0.038416 0.984366 -0.171897 13.857900 -0.004365 0.171857 0.985112 7.405300 0.000000 0.000000 0.000000 1.000000
0.999326 0.036538 -0.003454 0.000000 -0.036595 0.984858 -0.169458 13.857900 -0.002790 0.169470 0.985531 7.405300 0.000000 0.000000 0.000000 1.000000
0.999381 0.035041 -0.003259 0.000000 -0.035089 0.985091 -0.168416 13.857900 -0.002691 0.168426 0.985711 7.405300 0.000000 0.000000 0.000000 1.000000
0.999367 0.035539 -0.001384 -0.000000 -0.035265 0.985078 -0.168456 13.857900 -0.004623 0.168398 0.985708 7.405300 0.000000 0.000000 0.000000 1.000000
0.999302 0.037349 0.000131 -0.000000 -0.036790 0.984948 -0.168891 13.857900 -0.006437 0.168769 0.985635 7.405300 0.000000 0.000000 0.000000 1.000000
0.999266 0.038291 0.000911 0.000000 -0.037582 0.984810 -0.169522 13.857900 -0.007389 0.169364 0.985526 7.405300 0.000000 0.000000 0.000000 1.000000
0.999310 0.037136 -0.000577 0.000000 -0.036692 0.984711 -0.170288 13.857900 -0.005756 0.170191 0.985394 7.405300 0.000000 0.000000 0.000000 1.000000
0.999391 0.034773 -0.002822 0.000000 -0.034742 0.984578 -0.171459 13.857900 -0.003183 0.171453 0.985187 7.405300 0.000000 0.000000 0.000000 1.000000
0.999417 0.033799 -0.004889 0.000000 -0.034135 0.984346 -0.172907 13.857900 -0.001032 0.172973 0.984926 7.405300 0.000000 0.000000 0.000000 1.000000
0.999322 0.036361 -0.005745 -0.000000 -0.036805 0.984023 -0.174196 13.857900 -0.000681 0.174290 0.984694 7.405300 0.000000 0.000000 0.000000 1.000000
0.999059 0.043112 -0.004669 -0.000000 -0.043264 0.983654 -0.174796 13.857900 -0.002943 0.174834 0.984594 7.405300 0.000000 0.000000 0.000000 1.000000</float_array>
        <technique_common>
          <accessor source="#mixamorig_Neck-Matrix-animation-output-transform-array" count="37" stride="16">
            <param type="float4x4"/>
          </accessor>
        </technique_common>
      </source>
      <source id="mixamorig_Neck-Interpolations">
        <Name_array id="mixamorig_Neck-Interpolations-array" count="37">
 LINEAR LINEAR LINEAR LINEAR LINEAR LINEAR LINEAR LINEAR LINEAR LINEAR LINEAR
LINEAR LINEAR LINEAR LINEAR LINEAR LINEAR LINEAR LINEAR LINEAR LINEAR LINEAR LINEAR
LINEAR LINEAR LINEAR LINEAR LINEAR LINEAR LINEAR LINEAR LINEAR LINEAR LINEAR LINEAR
LINEAR LINEAR</Name_array>
        <technique_common>
          <accessor source="#mixamorig_Neck-Interpolations-array" count="37">
            <param type="name"/>
          </accessor>
        </technique_common>
      </source>
      <sampler id="mixamorig_Neck-Matrix-animation-transform">
        <input semantic="INPUT" source="#mixamorig_Neck-Matrix-animation-input"/>
        <input semantic="OUTPUT" source="#mixamorig_Neck-Matrix-animation-output-transform"/>
        <input semantic="INTERPOLATION" source="#mixamorig_Neck-Interpolations"/>
      </sampler>
      <channel source="#mixamorig_Neck-Matrix-animation-transform" target="mixamorig_Neck/matrix"/>
    </animation>
    <animation id="mixamorig_Head-anim" name="mixamorig_Head">
      <source id="mixamorig_Head-Matrix-animation-input">
        <float_array id="mixamorig_Head-Matrix-animation-input-array" count="37">

0.000000 0.033333 0.066667 0.100000 0.133333 0.166667 0.200000 0.233333 0.266667 0.300000 0.333333 0.366667 0.400000 0.433333 0.466667 0.500000
0.533333 0.566667 0.600000 0.633333 0.666667 0.700000 0.733333 0.766667 0.800000 0.833333 0.866667 0.900000 0.933333 0.966667 1.000000 1.033333
1.066667 1.100000 1.133333 1.166667 1.200000</float_array>
        <technique_common>
          <accessor source="#mixamorig_Head-Matrix-animation-input-array" count="37">
            <param name="TIME" type="float"/>
