<?xml version="1.0" encoding="utf-8"?>
<COLLADA xmlns="http://www.collada.org/2005/11/COLLADASchema" version="1.4.1">
  <asset>
    <contributor>
      <author>Mixamo</author>
      <authoring_tool>COLLADA Mixamo exporter</authoring_tool>
      <comments/>
    </contributor>
    <created>2024-02-27T21:26:19Z</created>
    <modified>2024-02-27T21:26:19Z</modified>
    <revision/>
    <title/>
    <unit meter="0.010000"/>
    <up_axis>Y_UP</up_axis>
  </asset>
  <library_animations>
    <animation id="mixamorig_Hips-anim" name="mixamorig_Hips">
      <source id="mixamorig_Hips-Matrix-animation-input">
        <float_array id="mixamorig_Hips-Matrix-animation-input-array" count="161">

0.000000 0.033333 0.066667 0.100000 0.133333 0.166667 0.200000 0.233333 0.266667 0.300000 0.333333 0.366667 0.400000 0.433333 0.466667 0.500000
0.533333 0.566667 0.600000 0.633333 0.666667 0.700000 0.733333 0.766667 0.800000 0.833333 0.866667 0.900000 0.933333 0.966667 1.000000 1.033333
1.066667 1.100000 1.133333 1.166667 1.200000 1.233333 1.266667 1.300000 1.333333 1.366667 1.400000 1.433333 1.466667 1.500000 1.533333 1.566667
1.600000 1.633333 1.666667 1.700000 1.733333 1.766667 1.800000 1.833333 1.866667 1.900000 1.933333 1.966667 2.000000 2.033333 2.066667 2.100000
2.133333 2.166667 2.200000 2.233333 2.266667 2.300000 2.333333 2.366667 2.400000 2.433333 2.466667 2.500000 2.533333 2.566667 2.600000 2.633333
2.666667 2.700000 2.733333 2.766667 2.800000 2.833333 2.866667 2.900000 2.933333 2.966667 3.000000 3.033333 3.066667 3.100000 3.133333 3.166667
3.200000 3.233333 3.266667 3.300000 3.333333 3.366667 3.400000 3.433333 3.466667 3.500000 3.533333 3.566667 3.600000 3.633333 3.666667 3.700000
3.733333 3.766667 3.800000 3.833333 3.866667 3.900000 3.933333 3.966667 4.000000 4.033333 4.066667 4.100000 4.133333 4.166667 4.200000 4.233333
4.266667 4.300000 4.333333 4.366667 4.400000 4.433333 4.466667 4.500000 4.533333 4.566667 4.600000 4.633333 4.666667 4.700000 4.733333 4.766667
4.800000 4.833333 4.866667 4.900000 4.933333 4.966667 5.000000 5.033333 5.066667 5.100000 5.133333 5.166667 5.200000 5.233333 5.266667 5.300000
5.333333</float_array>
        <technique_common>
          <accessor source="#mixamorig_Hips-Matrix-animation-input-array" count="161">
            <param name="TIME" type="float"/>
          </accessor>
        </technique_common>
      </source>
      <source id="mixamorig_Hips-Matrix-animation-output-transform">
        <float_array id="mixamorig_Hips-Matrix-animation-output-transform-array" count="2576">

0.997441 0.025502 -0.066798 -0.048647 -0.011309 0.978741 0.204788 113.055687 0.070601 -0.203509 0.976524 0.634288 0.000000 0.000000 0.000000 1.000000
0.997448 0.025147 -0.066827 -0.066094 -0.010947 0.978723 0.204896 113.073112 0.070558 -0.203641 0.976500 0.644327 0.000000 0.000000 0.000000 1.000000
0.997438 0.024463 -0.067222 -0.079972 -0.010198 0.978738 0.204860 113.110428 0.070804 -0.203649 0.976480 0.667605 0.000000 0.000000 0.000000 1.000000
0.997423 0.023743 -0.067703 -0.094483 -0.009398 0.978760 0.204792 113.160141 0.071127 -0.203628 0.976461 0.703915 0.000000 0.000000 0.000000 1.000000
0.997407 0.023238 -0.068108 -0.114371 -0.008815 0.978752 0.204856 113.218414 0.071421 -0.203725 0.976420 0.760230 0.000000 0.000000 0.000000 1.000000
0.997392 0.023010 -0.068407 -0.139502 -0.008506 0.978688 0.205176 113.286400 0.071670 -0.204059 0.976332 0.844554 0.000000 0.000000 0.000000 1.000000
0.997373 0.022974 -0.068693 -0.162509 -0.008371 0.978571 0.205739 113.365616 0.071948 -0.204623 0.976193 0.955583 0.000000 0.000000 0.000000 1.000000
0.997338 0.023099 -0.069160 -0.176190 -0.008348 0.978429 0.206415 113.455177 0.072437 -0.205288 0.976017 1.084104 0.000000 0.000000 0.000000 1.000000
0.997276 0.023421 -0.069939 -0.181824 -0.008452 0.978288 0.207078 113.553215 0.073270 -0.205923 0.975821 1.221352 0.000000 0.000000 0.000000 1.000000
0.997200 0.023857 -0.070874 -0.185956 -0.008642 0.978160 0.207676 113.658043 0.074281 -0.206482 0.975627 1.360751 0.000000 0.000000 0.000000 1.000000
0.997145 0.024232 -0.071521 -0.191869 -0.008837 0.978053 0.208168 113.768265 0.074996 -0.206941 0.975475 1.494286 0.000000 0.000000 0.000000 1.000000
0.997144 0.024476 -0.071444 -0.199225 -0.009071 0.977991 0.208452 113.882011 0.074974 -0.207209 0.975420 1.611772 0.000000 0.000000 0.000000 1.000000
0.997207 0.024640 -0.070503 -0.208980 -0.009431 0.977996 0.208410 113.996773 0.074087 -0.207163 0.975497 1.705066 0.000000 0.000000 0.000000 1.000000
0.997317 0.024718 -0.068907 -0.223871 -0.009867 0.978072 0.208035 114.109932 0.072538 -0.206796 0.975691 1.772603 0.000000 0.000000 0.000000 1.000000
0.997439 0.024629 -0.067147 -0.244490 -0.010188 0.978190 0.207463 114.221100 0.070792 -0.206247 0.975936 1.819707 0.000000 0.000000 0.000000 1.000000
0.997525 0.024419 -0.065941 -0.268350 -0.010275 0.978317 0.206856 114.332626 0.069563 -0.205666 0.976147 1.854913 0.000000 0.000000 0.000000 1.000000
0.997524 0.024332 -0.065984 -0.293488 -0.010221 0.978438 0.206289 114.447830 0.069581 -0.205103 0.976264 1.885796 0.000000 0.000000 0.000000 1.000000
0.997422 0.024652 -0.067388 -0.320352 -0.010284 0.978550 0.205751 114.566681 0.071015 -0.204528 0.976281 1.915758 0.000000 0.000000 0.000000 1.000000
0.997264 0.025471 -0.069398 -0.349142 -0.010716 0.978662 0.205197 114.683586 0.073144 -0.203891 0.976257 1.942847 0.000000 0.000000 0.000000 1.000000
0.997121 0.026610 -0.071010 -0.376483 -0.011553 0.978787 0.204554 114.791679 0.074947 -0.203145 0.976276 1.963576 0.000000 0.000000 0.000000 1.000000
0.997019 0.027711 -0.072003 -0.396961 -0.012494 0.978944 0.203744 114.890076 0.076133 -0.202237 0.976373 1.979510 0.000000 0.000000 0.000000 1.000000
0.996913 0.028461 -0.073172 -0.407979 -0.013075 0.979151 0.202713 114.984268 0.077416 -0.201131 0.976500 1.997535 0.000000 0.000000 0.000000 1.000000
0.996736 0.028797 -0.075415 -0.410788 -0.013053 0.979406 0.201476 115.079117 0.079664 -0.199834 0.976586 2.022265 0.000000 0.000000 0.000000 1.000000
0.996479 0.028912 -0.078695 -0.405661 -0.012619 0.979687 0.200136 115.172211 0.082883 -0.198439 0.976603 2.050917 0.000000 0.000000 0.000000 1.000000
0.996214 0.029029 -0.081950 -0.389042 -0.012199 0.979957 0.198833 115.255127 0.086079 -0.197081 0.976601 2.076477 0.000000 0.000000 0.000000 1.000000
0.996042 0.029192 -0.083952 -0.358856 -0.012072 0.980204 0.197620 115.318489 0.088059 -0.195824 0.976677 2.093005 0.000000 0.000000 0.000000 1.000000
0.996019 0.029265 -0.084200 -0.321103 -0.012203 0.980443 0.196425 115.353378 0.088302 -0.194616 0.976897 2.097017 0.000000 0.000000 0.000000 1.000000
0.996121 0.029091 -0.083044 -0.287802 -0.012368 0.980687 0.195190 115.350342 0.087119 -0.193406 0.977243 2.086589 0.000000 0.000000 0.000000 1.000000
0.996293 0.028651 -0.081112 -0.267521 -0.012412 0.980918 0.194023 115.300446 0.085123 -0.192297 0.977638 2.061302 0.000000 0.000000 0.000000 1.000000
0.996501 0.028133 -0.078708 -0.260119 -0.012444 0.981094 0.193132 115.201385 0.082653 -0.191476 0.978011 2.022279 0.000000 0.000000 0.000000 1.000000
0.996738 0.027841 -0.075755 -0.259931 -0.012769 0.981194 0.192603 115.062126 0.079693 -0.191007 0.978348 1.970969 0.000000 0.000000 0.000000 1.000000
0.997002 0.027936 -0.072154 -0.261719 -0.013576 0.981237 0.192325 114.900108 0.076173 -0.190769 0.978675 1.908317 0.000000 0.000000 0.000000 1.000000
0.997285 0.028320 -0.067981 -0.262844 -0.014763 0.981246 0.192193 114.732620 0.072149 -0.190668 0.979000 1.835995 0.000000 0.000000 0.000000 1.000000
0.997573 0.028846 -0.063380 -0.261984 -0.016155 0.981205 0.192291 114.570969 0.067735 -0.190800 0.979289 1.757526 0.000000 0.000000 0.000000 1.000000
0.997851 0.029514 -0.058493 -0.258271 -0.017719 0.981087 0.192757 114.418854 0.063076 -0.191306 0.979502 1.675996 0.000000 0.000000 0.000000 1.000000
0.998101 0.030311 -0.053628 -0.253115 -0.019390 0.980901 0.193538 114.272369 0.058470 -0.192131 0.979626 1.590860 0.000000 0.000000 0.000000 1.000000
0.998298 0.031034 -0.049366 -0.252243 -0.020872 0.980694 0.194434 114.122398 0.054447 -0.193073 0.979673 1.499961 0.000000 0.000000 0.000000 1.000000
0.998431 0.031486 -0.046307 -0.263047 -0.021859 0.980485 0.195377 113.962715 0.051555 -0.194058 0.979634 1.405474 0.000000 0.000000 0.000000 1.000000
0.998500 0.031698 -0.044640 -0.287681 -0.022333 0.980247 0.196510 113.797035 0.049987 -0.195218 0.979485 1.315117 0.000000 0.000000 0.000000 1.000000
0.998523 0.031808 -0.044055 -0.319962 -0.022484 0.979959 0.197925 113.636414 0.049468 -0.196642 0.979227 1.236308 0.000000 0.000000 0.000000 1.000000
0.998518 0.031881 -0.044113 -0.350963 -0.022465 0.979641 0.199496 113.490402 0.049575 -0.198209 0.978905 1.170738 0.000000 0.000000 0.000000 1.000000
0.998492 0.031997 -0.044598 -0.375500 -0.022403 0.979326 0.201043 113.361458 0.050108 -0.199741 0.978567 1.115196 0.000000 0.000000 0.000000 1.000000
0.998442 0.032284 -0.045514 -0.390566 -0.022422 0.979015 0.202553 113.247314 0.051098 -0.201217 0.978213 1.065880 0.000000 0.000000 0.000000 1.000000
0.998362 0.032712 -0.046930 -0.391758 -0.022473 0.978693 0.204095 113.146805 0.052606 -0.202706 0.977826 1.020402 0.000000 0.000000 0.000000 1.000000
0.998260 0.033037 -0.048839 -0.376043 -0.022320 0.978383 0.205592 113.061790 0.054575 -0.204145 0.977418 0.975948 0.000000 0.000000 0.000000 1.000000
0.998152 0.033041 -0.051006 -0.345140 -0.021811 0.978139 0.206807 112.993340 0.056724 -0.205312 0.977051 0.927287 0.000000 0.000000 0.000000 1.000000
0.998061 0.032698 -0.052970 -0.300780 -0.021024 0.977994 0.207569 112.939079 0.058592 -0.206053 0.976785 0.868417 0.000000 0.000000 0.000000 1.000000
0.998001 0.032125 -0.054424 -0.239313 -0.020140 0.977936 0.207931 112.895996 0.059903 -0.206419 0.976628 0.797067 0.000000 0.000000 0.000000 1.000000
0.997958 0.031501 -0.055569 -0.155956 -0.019282 0.977921 0.208082 112.863411 0.060897 -0.206586 0.976532 0.717397 0.000000 0.000000 0.000000 1.000000
0.997901 0.030963 -0.056874 -0.053203 -0.018477 0.977913 0.208193 112.841225 0.062064 -0.206705 0.976433 0.638061 0.000000 0.000000 0.000000 1.000000
0.997825 0.030457 -0.058453 0.058468 -0.017644 0.977896 0.208347 112.826111 0.063506 -0.206863 0.976307 0.567794 0.000000 0.000000 0.000000 1.000000
0.997764 0.029768 -0.059832 0.167409 -0.016666 0.977862 0.208585 112.812347 0.064717 -0.207121 0.976172 0.512197 0.000000 0.000000 0.000000 1.000000
0.997760 0.028754 -0.060408 0.265598 -0.015529 0.977806 0.208935 112.796288 0.065075 -0.207529 0.976062 0.472772 0.000000 0.000000 0.000000 1.000000
0.997819 0.027505 -0.060007 0.348107 -0.014360 0.977731 0.209372 112.778732 0.064430 -0.208054 0.975993 0.447571 0.000000 0.000000 0.000000 1.000000
0.997916 0.026258 -0.058949 0.412255 -0.013332 0.977656 0.209788 112.764183 0.063140 -0.208565 0.975968 0.433815 0.000000 0.000000 0.000000 1.000000
0.998014 0.025243 -0.057715 0.458498 -0.012579 0.977605 0.210074 112.759506 0.061725 -0.208930 0.975981 0.431601 0.000000 0.000000 0.000000 1.000000
0.998083 0.024654 -0.056761 0.490008 -0.012194 0.977582 0.210200 112.772888 0.060670 -0.209105 0.976009 0.444826 0.000000 0.000000 0.000000 1.000000
0.998099 0.024617 -0.056504 0.510641 -0.012214 0.977591 0.210161 112.810837 0.060411 -0.209071 0.976033 0.477403 0.000000 0.000000 0.000000 1.000000
0.998045 0.025139 -0.057215 0.523455 -0.012592 0.977643 0.209896 112.874794 0.061212 -0.208765 0.976048 0.528855 0.000000 0.000000 0.000000 1.000000
0.997929 0.026114 -0.058791 0.529098 -0.013251 0.977746 0.209374 112.960121 0.062950 -0.208161 0.976067 0.594373 0.000000 0.000000 0.000000 1.000000
0.997779 0.027405 -0.060719 0.525061 -0.014156 0.977869 0.208739 113.059227 0.065096 -0.207416 0.976085 0.668889 0.000000 0.000000 0.000000 1.000000
0.997638 0.028810 -0.062357 0.509273 -0.015225 0.977956 0.208253 113.165001 0.066983 -0.206812 0.976085 0.750518 0.000000 0.000000 0.000000 1.000000
0.997538 0.030048 -0.063363 0.485918 -0.016242 0.977980 0.208066 113.273026 0.068220 -0.206525 0.976060 0.840318 0.000000 0.000000 0.000000 1.000000
0.997475 0.030940 -0.063926 0.464955 -0.017000 0.977967 0.208068 113.382263 0.068955 -0.206455 0.976023 0.938969 0.000000 0.000000 0.000000 1.000000
0.997414 0.031607 -0.064544 0.453718 -0.017531 0.977975 0.207986 113.494568 0.069696 -0.206317 0.976000 1.043565 0.000000 0.000000 0.000000 1.000000
0.997327 0.032347 -0.065518 0.450757 -0.018083 0.978045 0.207607 113.612846 0.070795 -0.205867 0.976016 1.148254 0.000000 0.000000 0.000000 1.000000
0.997219 0.033349 -0.066642 0.448172 -0.018885 0.978179 0.206905 113.738647 0.072088 -0.205071 0.976089 1.249063 0.000000 0.000000 0.000000 1.000000
0.997126 0.034599 -0.067397 0.439231 -0.020023 0.978345 0.206010 113.870979 0.073065 -0.204068 0.976226 1.347365 0.000000 0.000000 0.000000 1.000000
0.997075 0.036001 -0.067424 0.424447 -0.021465 0.978515 0.205056 114.007614 0.073357 -0.203009 0.976425 1.446576 0.000000 0.000000 0.000000 1.000000
0.997058 0.037474 -0.066866 0.412189 -0.023098 0.978684 0.204070 114.146454 0.073088 -0.201925 0.976670 1.545673 0.000000 0.000000 0.000000 1.000000
0.997037 0.038958 -0.066335 0.412861 -0.024743 0.978869 0.202987 114.285156 0.072841 -0.200744 0.976932 1.638796 0.000000 0.000000 0.000000 1.000000
0.996970 0.040370 -0.066487 0.430242 -0.026190 0.979083 0.201769 114.418777 0.073241 -0.199416 0.977174 1.721615 0.000000 0.000000 0.000000 1.000000
0.996851 0.041599 -0.067510 0.458868 -0.027289 0.979315 0.200492 114.540428 0.074454 -0.198018 0.977367 1.794707 0.000000 0.000000 0.000000 1.000000
0.996710 0.042566 -0.068971 0.491372 -0.028041 0.979536 0.199306 114.646446 0.076043 -0.196716 0.977507 1.859593 0.000000 0.000000 0.000000 1.000000
0.996596 0.043210 -0.070209 0.526336 -0.028509 0.979727 0.198296 114.736389 0.077354 -0.195619 0.977624 1.914759 0.000000 0.000000 0.000000 1.000000
0.996531 0.043518 -0.070941 0.568970 -0.028738 0.979900 0.197408 114.813004 0.078106 -0.194684 0.977751 1.957353 0.000000 0.000000 0.000000 1.000000
0.996490 0.043526 -0.071502 0.623585 -0.028709 0.980081 0.196513 114.879745 0.078631 -0.193771 0.977891 1.986855 0.000000 0.000000 0.000000 1.000000
0.996428 0.043335 -0.072477 0.688003 -0.028409 0.980282 0.195553 114.938972 0.079522 -0.192796 0.978011 2.006141 0.000000 0.000000 0.000000 1.000000
0.996321 0.043086 -0.074084 0.756089 -0.027931 0.980485 0.194599 114.992432 0.081023 -0.191814 0.978081 2.019909 0.000000 0.000000 0.000000 1.000000
0.996185 0.042871 -0.076010 0.823327 -0.027417 0.980661 0.193782 115.041237 0.082848 -0.190959 0.978096 2.031705 0.000000 0.000000 0.000000 1.000000
0.996056 0.042660 -0.077797 0.888979 -0.026919 0.980797 0.193162 115.084526 0.084543 -0.190306 0.978078 2.041094 0.000000 0.000000 0.000000 1.000000
0.995960 0.042306 -0.079209 0.954031 -0.026341 0.980905 0.192696 115.118599 0.085849 -0.189831 0.978056 2.043361 0.000000 0.000000 0.000000 1.000000
0.995910 0.041670 -0.080170 1.018551 -0.025566 0.981002 0.192304 115.137749 0.086660 -0.189468 0.978055 2.032254 0.000000 0.000000 0.000000 1.000000
0.995917 0.040723 -0.080570 1.079617 -0.024589 0.981098 0.191942 115.135887 0.086864 -0.189177 0.978093 2.003371 0.000000 0.000000 0.000000 1.000000
0.995988 0.039531 -0.080286 1.131071 -0.023497 0.981188 0.191619 115.107330 0.086351 -0.188964 0.978180 1.956044 0.000000 0.000000 0.000000 1.000000
0.996121 0.038187 -0.079276 1.166220 -0.022386 0.981260 0.191381 115.049202 0.085099 -0.188864 0.978309 1.893421 0.000000 0.000000 0.000000 1.000000
0.996303 0.036805 -0.077630 1.181705 -0.021348 0.981306 0.191266 114.963936 0.083219 -0.188902 0.978463 1.821091 0.000000 0.000000 0.000000 1.000000
0.996503 0.035545 -0.075625 1.178474 -0.020489 0.981327 0.191255 114.859482 0.081010 -0.189037 0.978623 1.744744 0.000000 0.000000 0.000000 1.000000
0.996688 0.034568 -0.073611 1.160066 -0.019909 0.981334 0.191279 114.745613 0.078849 -0.189180 0.978772 1.668400 0.000000 0.000000 0.000000 1.000000
0.996851 0.033903 -0.071682 1.128873 -0.019617 0.981331 0.191325 114.628838 0.076830 -0.189317 0.978906 1.594630 0.000000 0.000000 0.000000 1.000000
0.997024 0.033448 -0.069454 1.084297 -0.019577 0.981289 0.191541 114.511063 0.074562 -0.189611 0.979024 1.526093 0.000000 0.000000 0.000000 1.000000
0.997240 0.033152 -0.066431 1.024625 -0.019817 0.981165 0.192154 114.391891 0.071550 -0.190307 0.979114 1.466194 0.000000 0.000000 0.000000 1.000000
0.997486 0.033100 -0.062656 0.951606 -0.020411 0.980934 0.193266 114.270157 0.067859 -0.191501 0.979144 1.417429 0.000000 0.000000 0.000000 1.000000
0.997706 0.033339 -0.058921 0.871916 -0.021265 0.980619 0.194769 114.142853 0.064272 -0.193069 0.979078 1.379050 0.000000 0.000000 0.000000 1.000000
0.997847 0.033695 -0.056262 0.793634 -0.022022 0.980257 0.196496 114.006340 0.061772 -0.194834 0.978889 1.347526 0.000000 0.000000 0.000000 1.000000
0.997897 0.033902 -0.055245 0.721769 -0.022309 0.979877 0.198353 113.862358 0.060858 -0.196704 0.978572 1.319294 0.000000 0.000000 0.000000 1.000000
0.997875 0.033885 -0.055653 0.656380 -0.022093 0.979497 0.200242 113.717964 0.061297 -0.198587 0.978164 1.291387 0.000000 0.000000 0.000000 1.000000
0.997818 0.033824 -0.056698 0.594460 -0.021715 0.979153 0.201962 113.578720 0.062347 -0.200290 0.977751 1.259535 0.000000 0.000000 0.000000 1.000000
0.997767 0.033872 -0.057568 0.534389 -0.021498 0.978871 0.203344 113.443069 0.063240 -0.201653 0.977413 1.218568 0.000000 0.000000 0.000000 1.000000
0.997743 0.033913 -0.057961 0.478879 -0.021388 0.978647 0.204433 113.305748 0.063656 -0.202732 0.977163 1.166362 0.000000 0.000000 0.000000 1.000000
0.997736 0.033717 -0.058194 0.433240 -0.021084 0.978447 0.205417 113.165710 0.063866 -0.203725 0.976943 1.106313 0.000000 0.000000 0.000000 1.000000
0.997717 0.033255 -0.058785 0.400481 -0.020443 0.978247 0.206432 113.028954 0.064371 -0.204759 0.976694 1.045230 0.000000 0.000000 0.000000 1.000000
0.997668 0.032727 -0.059902 0.379747 -0.019623 0.978036 0.207512 112.903076 0.065378 -0.205853 0.976397 0.989822 0.000000 0.000000 0.000000 1.000000
0.997598 0.032332 -0.061261 0.369779 -0.018874 0.977798 0.208696 112.791237 0.066649 -0.207039 0.976060 0.945061 0.000000 0.000000 0.000000 1.000000
0.997532 0.032086 -0.062453 0.371321 -0.018294 0.977528 0.210011 112.691681 0.067788 -0.208350 0.975702 0.912646 0.000000 0.000000 0.000000 1.000000
0.997492 0.031805 -0.063224 0.384497 -0.017764 0.977252 0.211337 112.601440 0.068508 -0.209684 0.975366 0.888889 0.000000 0.000000 0.000000 1.000000
0.997494 0.031227 -0.063479 0.406409 -0.017068 0.977030 0.212419 112.520157 0.068654 -0.210803 0.975115 0.866420 0.000000 0.000000 0.000000 1.000000
0.997546 0.030229 -0.063155 0.433702 -0.016111 0.976897 0.213105 112.450661 0.068138 -0.211564 0.974986 0.840778 0.000000 0.000000 0.000000 1.000000
0.997645 0.028930 -0.062196 0.465831 -0.015016 0.976827 0.213503 112.396301 0.066931 -0.212067 0.974961 0.814529 0.000000 0.000000 0.000000 1.000000
0.997777 0.027544 -0.060688 0.502123 -0.013957 0.976768 0.213846 112.358444 0.065168 -0.212524 0.974980 0.793716 0.000000 0.000000 0.000000 1.000000
0.997918 0.026223 -0.058923 0.536449 -0.013016 0.976696 0.214234 112.336952 0.063167 -0.213021 0.975004 0.782091 0.000000 0.000000 0.000000 1.000000
0.998050 0.025098 -0.057153 0.559048 -0.012271 0.976628 0.214586 112.331802 0.061203 -0.213467 0.975031 0.780847 0.000000 0.000000 0.000000 1.000000
0.998171 0.024331 -0.055335 0.565203 -0.011896 0.976581 0.214822 112.343605 0.059266 -0.213771 0.975084 0.792363 0.000000 0.000000 0.000000 1.000000
0.998288 0.024025 -0.053321 0.559766 -0.012018 0.976540 0.214999 112.373512 0.057236 -0.213990 0.975158 0.820689 0.000000 0.000000 0.000000 1.000000
0.998390 0.024146 -0.051331 0.551456 -0.012551 0.976484 0.215224 112.423111 0.055320 -0.214234 0.975215 0.866662 0.000000 0.000000 0.000000 1.000000
0.998445 0.024572 -0.050039 0.544201 -0.013231 0.976420 0.215474 112.493469 0.054154 -0.214477 0.975227 0.923616 0.000000 0.000000 0.000000 1.000000
0.998428 0.025144 -0.050097 0.534271 -0.013774 0.976397 0.215545 112.583000 0.054334 -0.214516 0.975208 0.980138 0.000000 0.000000 0.000000 1.000000
0.998341 0.025707 -0.051516 0.514732 -0.014037 0.976461 0.215236 112.687134 0.055837 -0.214156 0.975202 1.028172 0.000000 0.000000 0.000000 1.000000
0.998225 0.026223 -0.053463 0.482010 -0.014166 0.976616 0.214523 112.800919 0.057838 -0.213385 0.975255 1.067791 0.000000 0.000000 0.000000 1.000000
0.998141 0.026814 -0.054734 0.439325 -0.014532 0.976827 0.213537 112.921791 0.059191 -0.212345 0.975401 1.103572 0.000000 0.000000 0.000000 1.000000
0.998122 0.027578 -0.054698 0.394001 -0.015356 0.977062 0.212401 113.049240 0.059301 -0.211162 0.975651 1.137257 0.000000 0.000000 0.000000 1.000000
0.998144 0.028375 -0.053879 0.350950 -0.016386 0.977319 0.211140 113.181145 0.058648 -0.209865 0.975970 1.165388 0.000000 0.000000 0.000000 1.000000
0.998147 0.028978 -0.053513 0.308662 -0.017137 0.977605 0.209751 113.313293 0.058393 -0.208445 0.976289 1.184219 0.000000 0.000000 0.000000 1.000000
0.998080 0.029450 -0.054483 0.261817 -0.017485 0.977912 0.208285 113.444069 0.059413 -0.206933 0.976550 1.195670 0.000000 0.000000 0.000000 1.000000
0.997934 0.030187 -0.056714 0.208008 -0.017837 0.978215 0.206828 113.576996 0.061723 -0.205389 0.976732 1.207447 0.000000 0.000000 0.000000 1.000000
0.997731 0.031467 -0.059524 0.151247 -0.018604 0.978493 0.205438 113.716949 0.064708 -0.203864 0.976858 1.227639 0.000000 0.000000 0.000000 1.000000
0.997508 0.033127 -0.062289 0.099976 -0.019758 0.978746 0.204124 113.864487 0.067727 -0.202385 0.976961 1.259671 0.000000 0.000000 0.000000 1.000000
0.997299 0.034765 -0.064706 0.061851 -0.020966 0.978987 0.202841 114.015434 0.070398 -0.200937 0.977071 1.301628 0.000000 0.000000 0.000000 1.000000
0.997125 0.036111 -0.066613 0.039874 -0.022001 0.979239 0.201511 114.164375 0.072507 -0.199467 0.977218 1.349166 0.000000 0.000000 0.000000 1.000000
0.997003 0.037147 -0.067866 0.031950 -0.022875 0.979509 0.200096 114.307152 0.073908 -0.197944 0.977423 1.398651 0.000000 0.000000 0.000000 1.000000
0.996933 0.037992 -0.068423 0.033608 -0.023704 0.979783 0.198654 114.440849 0.074587 -0.196423 0.977678 1.448104 0.000000 0.000000 0.000000 1.000000
0.996903 0.038713 -0.068454 0.041156 -0.024511 0.980039 0.197291 114.563538 0.074725 -0.195002 0.977952 1.496467 0.000000 0.000000 0.000000 1.000000
0.996897 0.039168 -0.068285 0.053215 -0.025086 0.980274 0.196046 114.673790 0.074617 -0.193724 0.978214 1.542651 0.000000 0.000000 0.000000 1.000000
0.996903 0.039127 -0.068212 0.072270 -0.025151 0.980508 0.194861 114.774361 0.074507 -0.192542 0.978456 1.584832 0.000000 0.000000 0.000000 1.000000
0.996917 0.038531 -0.068353 0.102208 -0.024628 0.980759 0.193661 114.867798 0.074500 -0.191381 0.978684 1.620623 0.000000 0.000000 0.000000 1.000000
0.996931 0.037661 -0.068626 0.143471 -0.023810 0.981013 0.192476 114.953659 0.074572 -0.190252 0.978899 1.648938 0.000000 0.000000 0.000000 1.000000
0.996944 0.036943 -0.068828 0.190544 -0.023144 0.981231 0.191443 115.029495 0.074608 -0.189265 0.979087 1.672005 0.000000 0.000000 0.000000 1.000000
0.996964 0.036536 -0.068757 0.235925 -0.022814 0.981384 0.190697 115.091873 0.074444 -0.188550 0.979238 1.694167 0.000000 0.000000 0.000000 1.000000
0.997004 0.036227 -0.068345 0.276365 -0.022620 0.981472 0.190267 115.137115 0.073971 -0.188151 0.979350 1.717074 0.000000 0.000000 0.000000 1.000000
0.997064 0.035696 -0.067751 0.312179 -0.022223 0.981516 0.190087 115.159706 0.073284 -0.188023 0.979427 1.736013 0.000000 0.000000 0.000000 1.000000
0.997127 0.034786 -0.067291 0.341313 -0.021415 0.981536 0.190076 115.151390 0.072661 -0.188089 0.979461 1.741950 0.000000 0.000000 0.000000 1.000000
0.997178 0.033547 -0.067168 0.358622 -0.020209 0.981537 0.190200 115.104126 0.072309 -0.188306 0.979445 1.727463 0.000000 0.000000 0.000000 1.000000
0.997216 0.032156 -0.067275 0.361376 -0.018800 0.981513 0.190469 115.014839 0.072156 -0.188674 0.979385 1.690949 0.000000 0.000000 0.000000 1.000000
0.997251 0.030815 -0.067380 0.351135 -0.017430 0.981458 0.190882 114.888611 0.072012 -0.189183 0.979298 1.636537 0.000000 0.000000 0.000000 1.000000
0.997279 0.029721 -0.067468 0.330594 -0.016300 0.981380 0.191381 114.741547 0.071899 -0.189761 0.979194 1.571204 0.000000 0.000000 0.000000 1.000000
0.997285 0.028901 -0.067736 0.300415 -0.015404 0.981294 0.191896 114.588989 0.072015 -0.190331 0.979075 1.501188 0.000000 0.000000 0.000000 1.000000
0.997272 0.028245 -0.068199 0.263861 -0.014627 0.981193 0.192476 114.436661 0.072353 -0.190953 0.978929 1.429277 0.000000 0.000000 0.000000 1.000000
0.997269 0.027653 -0.068478 0.228351 -0.013931 0.981042 0.193292 114.282509 0.072525 -0.191810 0.978749 1.355066 0.000000 0.000000 0.000000 1.000000
0.997311 0.027169 -0.068059 0.199558 -0.013450 0.980820 0.194450 114.126175 0.072036 -0.193012 0.978549 1.278468 0.000000 0.000000 0.000000 1.000000
0.997407 0.026971 -0.066729 0.177127 -0.013412 0.980541 0.195853 113.973724 0.070713 -0.194450 0.978360 1.202362 0.000000 0.000000 0.000000 1.000000
0.997527 0.027133 -0.064836 0.157011 -0.013838 0.980243 0.197314 113.832138 0.068909 -0.195929 0.978194 1.130711 0.000000 0.000000 0.000000 1.000000
0.997625 0.027397 -0.063197 0.135492 -0.014323 0.979950 0.198727 113.702240 0.067374 -0.197350 0.978015 1.064616 0.000000 0.000000 0.000000 1.000000
0.997665 0.027333 -0.062596 0.111455 -0.014289 0.979682 0.200047 113.581306 0.066792 -0.198685 0.977785 1.000885 0.000000 0.000000 0.000000 1.000000
0.997641 0.026781 -0.063207 0.087701 -0.013547 0.979462 0.201173 113.468307 0.067297 -0.199842 0.977514 0.934597 0.000000 0.000000 0.000000 1.000000
0.997574 0.025961 -0.064598 0.068822 -0.012405 0.979308 0.201994 113.364944 0.068506 -0.200703 0.977254 0.864275 0.000000 0.000000 0.000000 1.000000
0.997486 0.025198 -0.066227 0.055390 -0.011288 0.979206 0.202553 113.273247 0.069954 -0.201296 0.977029 0.795280 0.000000 0.000000 0.000000 1.000000
0.997404 0.024731 -0.067627 0.042049 -0.010511 0.979116 0.203031 113.195602 0.071236 -0.201794 0.976834 0.736432 0.000000 0.000000 0.000000 1.000000
0.997360 0.024690 -0.068294 0.023285 -0.010297 0.979011 0.203548 113.134354 0.071886 -0.202307 0.976680 0.692268 0.000000 0.000000 0.000000 1.000000
0.997370 0.025016 -0.068030 -0.000887 -0.010633 0.978899 0.204069 113.089882 0.071699 -0.202809 0.976590 0.660997 0.000000 0.000000 0.000000 1.000000
0.997409 0.025407 -0.067297 -0.026231 -0.011135 0.978802 0.204505 113.062523 0.071067 -0.203225 0.976550 0.641019 0.000000 0.000000 0.000000 1.000000
0.997440 0.025500 -0.066802 -0.048727 -0.011306 0.978741 0.204788 113.055962 0.070604 -0.203508 0.976524 0.634498 0.000000 0.000000 0.000000 1.000000</float_array>
        <technique_common>
          <accessor source="#mixamorig_Hips-Matrix-animation-output-transform-array" count="161" stride="16">
            <param type="float4x4"/>
          </accessor>
        </technique_common>
      </source>
      <source id="mixamorig_Hips-Interpolations">
        <Name_array id="mixamorig_Hips-Interpolations-array" count="161">
 LINEAR LINEAR LINEAR LINEAR LINEAR LINEAR LINEAR LINEAR LINEAR LINEAR LINEAR
LINEAR LINEAR LINEAR LINEAR LINEAR LINEAR LINEAR LINEAR LINEAR LINEAR LINEAR LINEAR
LINEAR LINEAR LINEAR LINEAR LINEAR LINEAR LINEAR LINEAR LINEAR LINEAR LINEAR LINEAR
LINEAR LINEAR LINEAR LINEAR LINEAR LINEAR LINEAR LINEAR LINEAR LINEAR LINEAR LINEAR
LINEAR LINEAR LINEAR LINEAR LINEAR LINEAR LINEAR LINEAR LINEAR LINEAR LINEAR LINEAR
LINEAR LINEAR LINEAR LINEAR LINEAR LINEAR LINEAR LINEAR LINEAR LINEAR LINEAR LINEAR
LINEAR LINEAR LINEAR LINEAR LINEAR LINEAR LINEAR LINEAR LINEAR LINEAR LINEAR LINEAR
LINEAR LINEAR LINEAR LINEAR LINEAR LINEAR LINEAR LINEAR LINEAR LINEAR LINEAR LINEAR
LINEAR LINEAR LINEAR LINEAR LINEAR LINEAR LINEAR LINEAR LINEAR LINEAR LINEAR LINEAR
LINEAR LINEAR LINEAR LINEAR LINEAR LINEAR LINEAR LINEAR LINEAR LINEAR LINEAR LINEAR
LINEAR LINEAR LINEAR LINEAR LINEAR LINEAR LINEAR LINEAR LINEAR LINEAR LINEAR LINEAR
LINEAR LINEAR LINEAR LINEAR LINEAR LINEAR LINEAR LINEAR LINEAR LINEAR LINEAR LINEAR
LINEAR LINEAR LINEAR LINEAR LINEAR LINEAR LINEAR LINEAR LINEAR LINEAR LINEAR LINEAR
LINEAR LINEAR LINEAR LINEAR LINEAR LINEAR</Name_array>
        <technique_common>
          <accessor source="#mixamorig_Hips-Interpolations-array" count="161">
            <param type="name"/>
          </accessor>
        </technique_common>
      </source>
      <sampler id="mixamorig_Hips-Matrix-animation-transform">
        <input semantic="INPUT" source="#mixamorig_Hips-Matrix-animation-input"/>
        <input semantic="OUTPUT" source="#mixamorig_Hips-Matrix-animation-output-transform"/>
        <input semantic="INTERPOLATION" source="#mixamorig_Hips-Interpolations"/>
      </sampler>
      <channel source="#mixamorig_Hips-Matrix-animation-transform" target="mixamorig_Hips/matrix"/>
    </animation>
    <animation id="mixamorig_Spine-anim" name="mixamorig_Spine">
      <source id="mixamorig_Spine-Matrix-animation-input">
        <float_array id="mixamorig_Spine-Matrix-animation-input-array" count="161">

0.000000 0.033333 0.066667 0.100000 0.133333 0.166667 0.200000 0.233333 0.266667 0.300000 0.333333 0.366667 0.400000 0.433333 0.466667 0.500000
0.533333 0.566667 0.600000 0.633333 0.666667 0.700000 0.733333 0.766667 0.800000 0.833333 0.866667 0.900000 0.933333 0.966667 1.000000 1.033333
1.066667 1.100000 1.133333 1.166667 1.200000 1.233333 1.266667 1.300000 1.333333 1.366667 1.400000 1.433333 1.466667 1.500000 1.533333 1.566667
1.600000 1.633333 1.666667 1.700000 1.733333 1.766667 1.800000 1.833333 1.866667 1.900000 1.933333 1.966667 2.000000 2.033333 2.066667 2.100000
2.133333 2.166667 2.200000 2.233333 2.266667 2.300000 2.333333 2.366667 2.400000 2.433333 2.466667 2.500000 2.533333 2.566667 2.600000 2.633333
2.666667 2.700000 2.733333 2.766667 2.800000 2.833333 2.866667 2.900000 2.933333 2.966667 3.000000 3.033333 3.066667 3.100000 3.133333 3.166667
3.200000 3.233333 3.266667 3.300000 3.333333 3.366667 3.400000 3.433333 3.466667 3.500000 3.533333 3.566667 3.600000 3.633333 3.666667 3.700000
3.733333 3.766667 3.800000 3.833333 3.866667 3.900000 3.933333 3.966667 4.000000 4.033333 4.066667 4.100000 4.133333 4.166667 4.200000 4.233333
4.266667 4.300000 4.333333 4.366667 4.400000 4.433333 4.466667 4.500000 4.533333 4.566667 4.600000 4.633333 4.666667 4.700000 4.733333 4.766667
4.800000 4.833333 4.866667 4.900000 4.933333 4.966667 5.000000 5.033333 5.066667 5.100000 5.133333 5.166667 5.200000 5.233333 5.266667 5.300000
5.333333</float_array>
        <technique_common>
          <accessor source="#mixamorig_Spine-Matrix-animation-input-array" count="161">
            <param name="TIME" type="float"/>
          </accessor>
        </technique_common>
      </source>
      <source id="mixamorig_Spine-Matrix-animation-output-transform">
        <float_array id="mixamorig_Spine-Matrix-animation-output-transform-array" count="2576">

0.999648 -0.014683 0.022091 0.072000 0.014535 0.999871 0.006834 7.257300 -0.022188 -0.006511 0.999733 -0.789700 0.000000 0.000000 0.000000 1.000000
0.999624 -0.014408 0.023319 0.072000 0.014258 0.999877 0.006604 7.257300 -0.023411 -0.006269 0.999706 -0.789700 0.000000 0.000000 0.000000 1.000000
0.999592 -0.013812 0.024984 0.072000 0.013655 0.999886 0.006464 7.257300 -0.025071 -0.006120 0.999667 -0.789700 0.000000 0.000000 0.000000 1.000000
0.999559 -0.013117 0.026654 0.072000 0.012947 0.999895 0.006547 7.257300 -0.026737 -0.006199 0.999623 -0.789700 0.000000 0.000000 0.000000 1.000000
0.999536 -0.012455 0.027781 0.072000 0.012263 0.999900 0.007071 7.257300 -0.027866 -0.006727 0.999589 -0.789700 0.000000 0.000000 0.000000 1.000000
0.999535 -0.011902 0.028089 0.072000 0.011676 0.999898 0.008180 7.257300 -0.028183 -0.007849 0.999572 -0.789700 0.000000 0.000000 0.000000 1.000000
0.999547 -0.011603 0.027778 0.072000 0.011334 0.999888 0.009820 7.257300 -0.027888 -0.009501 0.999566 -0.789700 0.000000 0.000000 0.000000 1.000000
0.999556 -0.011752 0.027368 0.072000 0.011431 0.999864 0.011848 7.257300 -0.027504 -0.011530 0.999555 -0.789700 0.000000 0.000000 0.000000 1.000000
0.999549 -0.012411 0.027349 0.072000 0.012027 0.999828 0.014152 7.257300 -0.027520 -0.013817 0.999526 -0.789700 0.000000 0.000000 0.000000 1.000000
0.999522 -0.013417 0.027846 0.072000 0.012958 0.999778 0.016607 7.257300 -0.028063 -0.016239 0.999474 -0.789700 0.000000 0.000000 0.000000 1.000000
0.999487 -0.014523 0.028533 0.072000 0.013983 0.999721 0.019043 7.257300 -0.028802 -0.018634 0.999411 -0.789700 0.000000 0.000000 0.000000 1.000000
0.999462 -0.015534 0.028899 0.072000 0.014921 0.999662 0.021303 7.257300 -0.029220 -0.020861 0.999355 -0.789700 0.000000 0.000000 0.000000 1.000000
0.999457 -0.016317 0.028635 0.072000 0.015651 0.999605 0.023326 7.257300 -0.029004 -0.022865 0.999318 -0.789700 0.000000 0.000000 0.000000 1.000000
0.999473 -0.016759 0.027790 0.072000 0.016062 0.999555 0.025119 7.257300 -0.028199 -0.024659 0.999298 -0.789700 0.000000 0.000000 0.000000 1.000000
0.999503 -0.016809 0.026669 0.072000 0.016097 0.999514 0.026701 7.257300 -0.027105 -0.026259 0.999288 -0.789700 0.000000 0.000000 0.000000 1.000000
0.999534 -0.016527 0.025675 0.072000 0.015805 0.999480 0.028095 7.257300 -0.026126 -0.027676 0.999275 -0.789700 0.000000 0.000000 0.000000 1.000000
0.999555 -0.016060 0.025144 0.072000 0.015321 0.999452 0.029328 7.257300 -0.025602 -0.028929 0.999254 -0.789700 0.000000 0.000000 0.000000 1.000000
0.999562 -0.015593 0.025153 0.072000 0.014826 0.999428 0.030409 7.257300 -0.025613 -0.030023 0.999221 -0.789700 0.000000 0.000000 0.000000 1.000000
0.999560 -0.015307 0.025409 0.072000 0.014508 0.999404 0.031319 7.257300 -0.025873 -0.030937 0.999186 -0.789700 0.000000 0.000000 0.000000 1.000000
0.999558 -0.015292 0.025479 0.072000 0.014472 0.999381 0.032067 7.257300 -0.025954 -0.031684 0.999161 -0.789700 0.000000 0.000000 0.000000 1.000000
0.999563 -0.015446 0.025205 0.072000 0.014617 0.999357 0.032754 7.257300 -0.025695 -0.032371 0.999146 -0.789700 0.000000 0.000000 0.000000 1.000000
0.999571 -0.015518 0.024846 0.072000 0.014681 0.999330 0.033525 7.257300 -0.025349 -0.033146 0.999129 -0.789700 0.000000 0.000000 0.000000 1.000000
0.999576 -0.015332 0.024762 0.072000 0.014475 0.999302 0.034438 7.257300 -0.025273 -0.034065 0.999100 -0.789700 0.000000 0.000000 0.000000 1.000000
0.999574 -0.014979 0.025055 0.072000 0.014088 0.999274 0.035389 7.257300 -0.025567 -0.035021 0.999059 -0.789700 0.000000 0.000000 0.000000 1.000000
0.999566 -0.014718 0.025513 0.072000 0.013789 0.999250 0.036194 7.257300 -0.026026 -0.035827 0.999019 -0.789700 0.000000 0.000000 0.000000 1.000000
0.999558 -0.014703 0.025834 0.072000 0.013749 0.999231 0.036722 7.257300 -0.026354 -0.036351 0.998992 -0.789700 0.000000 0.000000 0.000000 1.000000
0.999555 -0.014835 0.025865 0.072000 0.013874 0.999221 0.036942 7.257300 -0.026393 -0.036567 0.998983 -0.789700 0.000000 0.000000 0.000000 1.000000
0.999560 -0.014831 0.025702 0.072000 0.013878 0.999224 0.036857 7.257300 -0.026229 -0.036484 0.998990 -0.789700 0.000000 0.000000 0.000000 1.000000
0.999568 -0.014448 0.025585 0.072000 0.013510 0.999244 0.036451 7.257300 -0.026092 -0.036089 0.999008 -0.789700 0.000000 0.000000 0.000000 1.000000
0.999577 -0.013700 0.025671 0.072000 0.012778 0.999280 0.035738 7.257300 -0.026142 -0.035394 0.999031 -0.789700 0.000000 0.000000 0.000000 1.000000
0.999581 -0.012889 0.025905 0.072000 0.011984 0.999322 0.034802 7.257300 -0.026336 -0.034477 0.999058 -0.789700 0.000000 0.000000 0.000000 1.000000
0.999582 -0.012367 0.026139 0.072000 0.011482 0.999365 0.033737 7.257300 -0.026540 -0.033423 0.999089 -0.789700 0.000000 0.000000 0.000000 1.000000
0.999578 -0.012313 0.026324 0.072000 0.011455 0.999405 0.032520 7.257300 -0.026709 -0.032205 0.999124 -0.789700 0.000000 0.000000 0.000000 1.000000
0.999567 -0.012777 0.026520 0.072000 0.011953 0.999448 0.030998 7.257300 -0.026901 -0.030667 0.999168 -0.789700 0.000000 0.000000 0.000000 1.000000
0.999548 -0.013756 0.026744 0.072000 0.012979 0.999494 0.029048 7.257300 -0.027130 -0.028688 0.999220 -0.789700 0.000000 0.000000 0.000000 1.000000
0.999524 -0.015065 0.026930 0.072000 0.014345 0.999540 0.026731 7.257300 -0.027321 -0.026332 0.999280 -0.789700 0.000000 0.000000 0.000000 1.000000
0.999502 -0.016246 0.027039 0.072000 0.015591 0.999584 0.024263 7.257300 -0.027422 -0.023829 0.999340 -0.789700 0.000000 0.000000 0.000000 1.000000
0.999490 -0.016859 0.027109 0.072000 0.016269 0.999630 0.021815 7.257300 -0.027466 -0.021363 0.999394 -0.789700 0.000000 0.000000 0.000000 1.000000
0.999490 -0.016835 0.027144 0.072000 0.016311 0.999678 0.019414 7.257300 -0.027462 -0.018961 0.999443 -0.789700 0.000000 0.000000 0.000000 1.000000
0.999498 -0.016458 0.027071 0.072000 0.016000 0.999727 0.017027 7.257300 -0.027343 -0.016586 0.999488 -0.789700 0.000000 0.000000 0.000000 1.000000
0.999510 -0.016044 0.026864 0.072000 0.015653 0.999770 0.014689 7.257300 -0.027093 -0.014261 0.999531 -0.789700 0.000000 0.000000 0.000000 1.000000
0.999521 -0.015768 0.026612 0.072000 0.015441 0.999803 0.012474 7.257300 -0.026803 -0.012057 0.999568 -0.789700 0.000000 0.000000 0.000000 1.000000
0.999529 -0.015677 0.026396 0.072000 0.015407 0.999827 0.010404 7.257300 -0.026554 -0.009993 0.999597 -0.789700 0.000000 0.000000 0.000000 1.000000
0.999534 -0.015675 0.026174 0.072000 0.015459 0.999845 0.008446 7.257300 -0.026302 -0.008037 0.999622 -0.789700 0.000000 0.000000 0.000000 1.000000
0.999546 -0.015549 0.025804 0.072000 0.015383 0.999860 0.006589 7.257300 -0.025902 -0.006190 0.999645 -0.789700 0.000000 0.000000 0.000000 1.000000
0.999569 -0.015128 0.025159 0.072000 0.015010 0.999876 0.004862 7.257300 -0.025230 -0.004483 0.999672 -0.789700 0.000000 0.000000 0.000000 1.000000
0.999601 -0.014495 0.024262 0.072000 0.014420 0.999891 0.003251 7.257300 -0.024306 -0.002900 0.999700 -0.789700 0.000000 0.000000 0.000000 1.000000
0.999630 -0.013971 0.023335 0.072000 0.013935 0.999901 0.001686 7.257300 -0.023356 -0.001360 0.999726 -0.789700 0.000000 0.000000 0.000000 1.000000
0.999646 -0.013846 0.022703 0.072000 0.013847 0.999904 0.000124 7.257300 -0.022703 0.000190 0.999742 -0.789700 0.000000 0.000000 0.000000 1.000000
0.999646 -0.014102 0.022563 0.072000 0.014137 0.999899 -0.001397 7.257300 -0.022541 0.001715 0.999744 -0.789700 0.000000 0.000000 0.000000 1.000000
0.999635 -0.014414 0.022833 0.072000 0.014482 0.999891 -0.002800 7.257300 -0.022791 0.003130 0.999735 -0.789700 0.000000 0.000000 0.000000 1.000000
0.999625 -0.014461 0.023251 0.072000 0.014559 0.999886 -0.004045 7.257300 -0.023190 0.004382 0.999721 -0.789700 0.000000 0.000000 0.000000 1.000000
0.999621 -0.014178 0.023616 0.072000 0.014303 0.999885 -0.005137 7.257300 -0.023541 0.005473 0.999708 -0.789700 0.000000 0.000000 0.000000 1.000000
0.999620 -0.013695 0.023911 0.072000 0.013845 0.999886 -0.006078 7.257300 -0.023825 0.006407 0.999696 -0.789700 0.000000 0.000000 0.000000 1.000000
0.999621 -0.013142 0.024181 0.072000 0.013310 0.999888 -0.006791 7.257300 -0.024090 0.007111 0.999685 -0.789700 0.000000 0.000000 0.000000 1.000000
0.999623 -0.012591 0.024419 0.072000 0.012768 0.999893 -0.007101 7.257300 -0.024326 0.007410 0.999677 -0.789700 0.000000 0.000000 0.000000 1.000000
0.999623 -0.012135 0.024644 0.072000 0.012305 0.999901 -0.006762 7.257300 -0.024560 0.007063 0.999673 -0.789700 0.000000 0.000000 0.000000 1.000000
0.999615 -0.011891 0.025084 0.072000 0.012034 0.999912 -0.005562 7.257300 -0.025015 0.005861 0.999670 -0.789700 0.000000 0.000000 0.000000 1.000000
0.999589 -0.011913 0.026084 0.072000 0.012008 0.999922 -0.003497 7.257300 -0.026040 0.003809 0.999654 -0.789700 0.000000 0.000000 0.000000 1.000000
0.999542 -0.012136 0.027728 0.072000 0.012166 0.999926 -0.000888 7.257300 -0.027715 0.001225 0.999615 -0.789700 0.000000 0.000000 0.000000 1.000000
0.999486 -0.012415 0.029557 0.072000 0.012368 0.999922 0.001774 7.257300 -0.029577 -0.001407 0.999562 -0.789700 0.000000 0.000000 0.000000 1.000000
