<?xml version="1.0" encoding="utf-8"?>
<COLLADA xmlns="http://www.collada.org/2005/11/COLLADASchema" version="1.4.1">
  <asset>
    <contributor>
      <author>Mixamo</author>
      <authoring_tool>COLLADA Mixamo exporter</authoring_tool>
      <comments/>
    </contributor>
    <created>2024-03-03T13:34:06Z</created>
    <modified>2024-03-03T13:34:06Z</modified>
    <revision/>
    <title/>
    <unit meter="0.010000"/>
    <up_axis>Y_UP</up_axis>
  </asset>
  <library_animations>
    <animation id="mixamorig_Hips-anim" name="mixamorig_Hips">
      <source id="mixamorig_Hips-Matrix-animation-input">
        <float_array id="mixamorig_Hips-Matrix-animation-input-array" count="42">

0.000000 0.033333 0.066667 0.100000 0.133333 0.166667 0.200000 0.233333 0.266667 0.300000 0.333333 0.366667 0.400000 0.433333 0.466667 0.500000
0.533333 0.566667 0.600000 0.633333 0.666667 0.700000 0.733333 0.766667 0.800000 0.833333 0.866667 0.900000 0.933333 0.966667 1.000000 1.033333
1.066667 1.100000 1.133333 1.166667 1.200000 1.233333 1.266667 1.300000 1.333333 1.366667</float_array>
        <technique_common>
          <accessor source="#mixamorig_Hips-Matrix-animation-input-array" count="42">
            <param name="TIME" type="float"/>
          </accessor>
        </technique_common>
      </source>
      <source id="mixamorig_Hips-Matrix-animation-output-transform">
        <float_array id="mixamorig_Hips-Matrix-animation-output-transform-array" count="672">

0.999170 0.013992 0.038245 -0.020389 -0.014012 0.999902 0.000232 117.490707 -0.038238 -0.000768 0.999268 0.938784 0.000000 0.000000 0.000000 1.000000
0.999249 0.007370 0.038042 -0.141868 -0.007286 0.999971 -0.002344 117.604752 -0.038058 0.002065 0.999273 1.134908 0.000000 0.000000 0.000000 1.000000
0.999302 0.002363 0.037277 -0.410778 -0.002145 0.999980 -0.005893 117.576569 -0.037290 0.005809 0.999288 1.281824 0.000000 0.000000 0.000000 1.000000
0.999331 -0.001116 0.036562 -0.793962 0.001458 0.999955 -0.009336 117.331818 -0.036550 0.009383 0.999288 1.368480 0.000000 0.000000 0.000000 1.000000
0.999397 -0.003728 0.034532 -1.159024 0.004147 0.999919 -0.012049 116.915115 -0.034484 0.012185 0.999331 1.399564 0.000000 0.000000 0.000000 1.000000
0.999565 -0.004066 0.029201 -1.407477 0.004476 0.999892 -0.014011 116.501053 -0.029141 0.014136 0.999475 1.358502 0.000000 0.000000 0.000000 1.000000
0.999735 -0.002080 0.022908 -1.477607 0.002415 0.999891 -0.014580 116.305450 -0.022875 0.014632 0.999631 1.249280 0.000000 0.000000 0.000000 1.000000
0.999833 0.001182 0.018261 -1.419405 -0.000866 0.999850 -0.017314 116.364319 -0.018279 0.017295 0.999683 1.135162 0.000000 0.000000 0.000000 1.000000
0.999848 0.004439 0.016861 -1.323175 -0.004045 0.999720 -0.023312 116.667732 -0.016960 0.023240 0.999586 1.031909 0.000000 0.000000 0.000000 1.000000
0.999704 0.008580 0.022770 -1.254021 -0.007933 0.999566 -0.028364 117.082428 -0.023004 0.028175 0.999338 0.928886 0.000000 0.000000 0.000000 1.000000
0.999117 0.015791 0.038945 -1.259934 -0.014612 0.999432 -0.030368 117.421494 -0.039403 0.029772 0.998780 0.799390 0.000000 0.000000 0.000000 1.000000
0.997454 0.026824 0.066079 -1.343888 -0.024815 0.999210 -0.031039 117.567978 -0.066860 0.029321 0.997331 0.630930 0.000000 0.000000 0.000000 1.000000
0.994745 0.038054 0.095045 -1.460907 -0.035012 0.998826 -0.033477 117.467606 -0.096208 0.029973 0.994910 0.445369 0.000000 0.000000 0.000000 1.000000
0.992402 0.048046 0.113269 -1.521167 -0.044097 0.998337 -0.037122 117.192604 -0.114864 0.031845 0.992871 0.263842 0.000000 0.000000 0.000000 1.000000
0.992363 0.056784 0.109504 -1.452042 -0.052738 0.997827 -0.039501 116.919304 -0.111509 0.033424 0.993201 0.087358 0.000000 0.000000 0.000000 1.000000
0.994775 0.062669 0.080598 -1.261648 -0.059777 0.997495 -0.037813 116.706047 -0.082766 0.032797 0.996029 -0.060973 0.000000 0.000000 0.000000 1.000000
0.997231 0.062450 0.040365 -0.966324 -0.061185 0.997618 -0.031854 116.631912 -0.042258 0.029296 0.998677 -0.129928 0.000000 0.000000 0.000000 1.000000
0.998464 0.054994 0.006672 -0.622104 -0.054820 0.998208 -0.023980 116.760971 -0.007978 0.023577 0.999690 0.082152 0.000000 0.000000 0.000000 1.000000
0.999099 0.041957 -0.006376 -0.274661 -0.042063 0.998960 -0.017571 117.058510 0.005633 0.017823 0.999825 0.508878 0.000000 0.000000 0.000000 1.000000
0.999611 0.027059 -0.006764 0.073582 -0.027144 0.999551 -0.012715 117.348808 0.006417 0.012893 0.999896 1.024640 0.000000 0.000000 0.000000 1.000000
0.999900 0.011343 -0.008466 0.400889 -0.011405 0.999908 -0.007391 117.403679 0.008382 0.007487 0.999937 1.536142 0.000000 0.000000 0.000000 1.000000
0.999693 -0.002593 -0.024651 0.702445 0.002568 0.999996 -0.001057 117.204514 0.024654 0.000993 0.999696 1.853254 0.000000 0.000000 0.000000 1.000000
0.998727 -0.012269 -0.048925 0.964359 0.012531 0.999909 0.005050 116.861290 0.048859 -0.005656 0.998790 1.811567 0.000000 0.000000 0.000000 1.000000
0.997451 -0.017973 -0.069047 1.181168 0.018749 0.999768 0.010606 116.500732 0.068841 -0.011874 0.997557 1.602841 0.000000 0.000000 0.000000 1.000000
0.996813 -0.021841 -0.076720 1.357158 0.023008 0.999632 0.014364 116.248901 0.076379 -0.016083 0.996949 1.384906 0.000000 0.000000 0.000000 1.000000
0.997276 -0.024570 -0.069554 1.529199 0.025565 0.999583 0.013455 116.211090 0.069194 -0.015197 0.997487 1.216707 0.000000 0.000000 0.000000 1.000000
0.998067 -0.025185 -0.056819 1.756870 0.025732 0.999629 0.008904 116.395973 0.056574 -0.010349 0.998345 1.094157 0.000000 0.000000 0.000000 1.000000
0.998861 -0.022012 -0.042343 1.810529 0.022154 0.999750 0.002884 116.655594 0.042269 -0.003819 0.999099 0.957654 0.000000 0.000000 0.000000 1.000000
0.999611 -0.013562 -0.024389 1.686842 0.013507 0.999906 -0.002430 116.815117 0.024419 0.002100 0.999700 0.776300 0.000000 0.000000 0.000000 1.000000
0.999997 -0.002250 -0.000778 1.416590 0.002244 0.999970 -0.007437 116.831337 0.000795 0.007435 0.999972 0.552590 0.000000 0.000000 0.000000 1.000000
0.999578 0.009311 0.027504 1.039393 -0.008961 0.999878 -0.012806 116.784233 -0.027619 0.012554 0.999540 0.321741 0.000000 0.000000 0.000000 1.000000
0.998187 0.019990 0.056775 0.538996 -0.018950 0.999644 -0.018794 116.751938 -0.057130 0.017684 0.998210 0.143386 0.000000 0.000000 0.000000 1.000000
0.996026 0.029567 0.084014 -0.090056 -0.027705 0.999346 -0.023241 116.721352 -0.084646 0.020821 0.996194 0.052577 0.000000 0.000000 0.000000 1.000000
0.993760 0.038095 0.104834 -0.749677 -0.035718 0.999063 -0.024455 116.651619 -0.105668 0.020558 0.994189 0.020222 0.000000 0.000000 0.000000 1.000000
0.992310 0.046024 0.114904 -1.239745 -0.043700 0.998788 -0.022665 116.573845 -0.115808 0.017470 0.993118 0.018423 0.000000 0.000000 0.000000 1.000000
0.992782 0.053624 0.107280 -1.405660 -0.051708 0.998451 -0.020557 116.543091 -0.108216 0.014861 0.994016 0.038710 0.000000 0.000000 0.000000 1.000000
0.994435 0.057638 0.088188 -1.276467 -0.056163 0.998239 -0.019116 116.580170 -0.089135 0.014057 0.995920 0.065727 0.000000 0.000000 0.000000 1.000000
0.996182 0.054526 0.068177 -1.043417 -0.053509 0.998429 -0.016651 116.679131 -0.068977 0.012940 0.997534 0.083400 0.000000 0.000000 0.000000 1.000000
0.997623 0.045172 0.052032 -0.705566 -0.044662 0.998942 -0.010922 116.797363 -0.052470 0.008572 0.998586 0.218624 0.000000 0.000000 0.000000 1.000000
0.998540 0.033296 0.042524 -0.339308 -0.033181 0.999444 -0.003406 116.982109 -0.042614 0.001990 0.999090 0.426941 0.000000 0.000000 0.000000 1.000000
0.998970 0.022383 0.039482 -0.079733 -0.022423 0.999748 0.000558 117.244423 -0.039460 -0.001443 0.999220 0.683847 0.000000 0.000000 0.000000 1.000000
0.999170 0.013993 0.038245 -0.020396 -0.014012 0.999902 0.000232 117.490700 -0.038238 -0.000768 0.999268 0.938781 0.000000 0.000000 0.000000 1.000000</float_array>
        <technique_common>
          <accessor source="#mixamorig_Hips-Matrix-animation-output-transform-array" count="42" stride="16">
            <param type="float4x4"/>
          </accessor>
        </technique_common>
      </source>
      <source id="mixamorig_Hips-Interpolations">
        <Name_array id="mixamorig_Hips-Interpolations-array" count="42">
 LINEAR LINEAR LINEAR LINEAR LINEAR LINEAR LINEAR LINEAR LINEAR LINEAR LINEAR
LINEAR LINEAR LINEAR LINEAR LINEAR LINEAR LINEAR LINEAR LINEAR LINEAR LINEAR LINEAR
LINEAR LINEAR LINEAR LINEAR LINEAR LINEAR LINEAR LINEAR LINEAR LINEAR LINEAR LINEAR
LINEAR LINEAR LINEAR LINEAR LINEAR LINEAR LINEAR</Name_array>
        <technique_common>
          <accessor source="#mixamorig_Hips-Interpolations-array" count="42">
            <param type="name"/>
          </accessor>
        </technique_common>
      </source>
      <sampler id="mixamorig_Hips-Matrix-animation-transform">
        <input semantic="INPUT" source="#mixamorig_Hips-Matrix-animation-input"/>
        <input semantic="OUTPUT" source="#mixamorig_Hips-Matrix-animation-output-transform"/>
        <input semantic="INTERPOLATION" source="#mixamorig_Hips-Interpolations"/>
      </sampler>
      <channel source="#mixamorig_Hips-Matrix-animation-transform" target="mixamorig_Hips/matrix"/>
    </animation>
    <animation id="mixamorig_Spine-anim" name="mixamorig_Spine">
      <source id="mixamorig_Spine-Matrix-animation-input">
        <float_array id="mixamorig_Spine-Matrix-animation-input-array" count="42">

0.000000 0.033333 0.066667 0.100000 0.133333 0.166667 0.200000 0.233333 0.266667 0.300000 0.333333 0.366667 0.400000 0.433333 0.466667 0.500000
0.533333 0.566667 0.600000 0.633333 0.666667 0.700000 0.733333 0.766667 0.800000 0.833333 0.866667 0.900000 0.933333 0.966667 1.000000 1.033333
1.066667 1.100000 1.133333 1.166667 1.200000 1.233333 1.266667 1.300000 1.333333 1.366667</float_array>
        <technique_common>
          <accessor source="#mixamorig_Spine-Matrix-animation-input-array" count="42">
            <param name="TIME" type="float"/>
          </accessor>
        </technique_common>
      </source>
      <source id="mixamorig_Spine-Matrix-animation-output-transform">
        <float_array id="mixamorig_Spine-Matrix-animation-output-transform-array" count="672">

0.982427 -0.143447 0.119415 0.072000 0.119582 0.974980 0.187387 7.257300 -0.143307 -0.169814 0.975001 -0.789700 0.000000 0.000000 0.000000 1.000000
0.980375 -0.149347 0.128689 0.072000 0.122128 0.972516 0.198237 7.257300 -0.154758 -0.178630 0.971669 -0.789700 0.000000 0.000000 0.000000 1.000000
0.979214 -0.151936 0.134369 0.072000 0.121388 0.969726 0.211887 7.257300 -0.162495 -0.191172 0.968013 -0.789700 0.000000 0.000000 0.000000 1.000000
0.978520 -0.152746 0.138449 0.072000 0.118936 0.966826 0.226059 7.257300 -0.168385 -0.204736 0.964225 -0.789700 0.000000 0.000000 0.000000 1.000000
0.976778 -0.154435 0.148509 0.072000 0.117014 0.965158 0.234045 7.257300 -0.179479 -0.211233 0.960816 -0.789700 0.000000 0.000000 0.000000 1.000000
0.974669 -0.157251 0.159035 0.072000 0.117533 0.965114 0.233968 7.257300 -0.190279 -0.209350 0.959149 -0.789700 0.000000 0.000000 0.000000 1.000000
0.973652 -0.160009 0.162480 0.072000 0.120598 0.966011 0.228646 7.257300 -0.193542 -0.203027 0.959855 -0.789700 0.000000 0.000000 0.000000 1.000000
0.974808 -0.160677 0.154699 0.072000 0.123500 0.966380 0.225514 7.257300 -0.185733 -0.200728 0.961879 -0.789700 0.000000 0.000000 0.000000 1.000000
0.977215 -0.158094 0.141623 0.072000 0.123496 0.966172 0.226407 7.257300 -0.172625 -0.203758 0.963682 -0.789700 0.000000 0.000000 0.000000 1.000000
0.979602 -0.151859 0.131599 0.072000 0.119740 0.967063 0.224615 7.257300 -0.161374 -0.204276 0.965520 -0.789700 0.000000 0.000000 0.000000 1.000000
0.981654 -0.142807 0.126343 0.072000 0.113295 0.969816 0.215919 7.257300 -0.153365 -0.197643 0.968203 -0.789700 0.000000 0.000000 0.000000 1.000000
0.983958 -0.131324 0.120754 0.072000 0.105191 0.973752 0.201844 7.257300 -0.144091 -0.185904 0.971945 -0.789700 0.000000 0.000000 0.000000 1.000000
0.986878 -0.117662 0.110578 0.072000 0.095303 0.977277 0.189332 7.257300 -0.130343 -0.176309 0.975667 -0.789700 0.000000 0.000000 0.000000 1.000000
0.989425 -0.105373 0.099668 0.072000 0.086087 0.979681 0.181149 7.257300 -0.116731 -0.170653 0.978392 -0.789700 0.000000 0.000000 0.000000 1.000000
0.990387 -0.099590 0.096002 0.072000 0.081346 0.980643 0.178107 7.257300 -0.111882 -0.168585 0.979317 -0.789700 0.000000 0.000000 0.000000 1.000000
0.988952 -0.104285 0.105351 0.072000 0.084194 0.980089 0.179827 7.257300 -0.122007 -0.168970 0.978041 -0.789700 0.000000 0.000000 0.000000 1.000000
0.985819 -0.115760 0.121490 0.072000 0.092068 0.978385 0.185165 7.257300 -0.140299 -0.171353 0.975169 -0.789700 0.000000 0.000000 0.000000 1.000000
0.982653 -0.128246 0.133964 0.072000 0.100939 0.975839 0.193777 7.257300 -0.155579 -0.176893 0.971856 -0.789700 0.000000 0.000000 0.000000 1.000000
0.981575 -0.137801 0.132368 0.072000 0.108895 0.972669 0.205079 7.257300 -0.157010 -0.186886 0.969753 -0.789700 0.000000 0.000000 0.000000 1.000000
0.982021 -0.144769 0.121150 0.072000 0.115952 0.969024 0.218053 7.257300 -0.148965 -0.200085 0.968388 -0.789700 0.000000 0.000000 0.000000 1.000000
0.982119 -0.152055 0.111000 0.072000 0.123335 0.965140 0.230851 7.257300 -0.142233 -0.213033 0.966637 -0.789700 0.000000 0.000000 0.000000 1.000000
0.979344 -0.166036 0.115403 0.072000 0.134896 0.961651 0.238809 7.257300 -0.150628 -0.218309 0.964185 -0.789700 0.000000 0.000000 0.000000 1.000000
0.973789 -0.185348 0.131836 0.072000 0.150373 0.959494 0.238241 7.257300 -0.170653 -0.212172 0.962216 -0.789700 0.000000 0.000000 0.000000 1.000000
0.968398 -0.201800 0.146571 0.072000 0.164836 0.958866 0.231095 7.257300 -0.187177 -0.199631 0.961828 -0.789700 0.000000 0.000000 0.000000 1.000000
0.966928 -0.208754 0.146535 0.072000 0.173490 0.959471 0.222075 7.257300 -0.186955 -0.189308 0.963956 -0.789700 0.000000 0.000000 0.000000 1.000000
0.970705 -0.204854 0.125562 0.072000 0.174173 0.959917 0.219596 7.257300 -0.165514 -0.191294 0.967477 -0.789700 0.000000 0.000000 0.000000 1.000000
0.975489 -0.196459 0.099125 0.072000 0.170617 0.959746 0.223110 7.257300 -0.138967 -0.200729 0.969740 -0.789700 0.000000 0.000000 0.000000 1.000000
0.979508 -0.185509 0.078422 0.072000 0.163688 0.960116 0.226677 7.257300 -0.117345 -0.209195 0.970808 -0.789700 0.000000 0.000000 0.000000 1.000000
0.981858 -0.176282 0.069848 0.072000 0.156920 0.962204 0.222573 7.257300 -0.106444 -0.207574 0.972411 -0.789700 0.000000 0.000000 0.000000 1.000000
0.983624 -0.167213 0.067259 0.072000 0.149531 0.965452 0.213408 7.257300 -0.100620 -0.199856 0.974645 -0.789700 0.000000 0.000000 0.000000 1.000000
0.985879 -0.154842 0.063766 0.072000 0.139091 0.969230 0.203094 7.257300 -0.093251 -0.191357 0.977081 -0.789700 0.000000 0.000000 0.000000 1.000000
0.989090 -0.136832 0.054574 0.072000 0.123849 0.972973 0.194896 7.257300 -0.079767 -0.186010 0.979305 -0.789700 0.000000 0.000000 0.000000 1.000000
0.992783 -0.113193 0.039614 0.072000 0.103802 0.976507 0.188839 7.257300 -0.060059 -0.183364 0.981209 -0.789700 0.000000 0.000000 0.000000 1.000000
0.995668 -0.088686 0.027917 0.072000 0.082196 0.979943 0.181537 7.257300 -0.043457 -0.178456 0.982988 -0.789700 0.000000 0.000000 0.000000 1.000000
0.997236 -0.069896 0.025214 0.072000 0.064522 0.982860 0.172694 7.257300 -0.036853 -0.170589 0.984653 -0.789700 0.000000 0.000000 0.000000 1.000000
0.997175 -0.066925 0.034106 0.072000 0.060314 0.984028 0.167482 7.257300 -0.044770 -0.164952 0.985285 -0.789700 0.000000 0.000000 0.000000 1.000000
0.995958 -0.074611 0.050002 0.072000 0.065267 0.983662 0.167778 7.257300 -0.061704 -0.163837 0.984556 -0.789700 0.000000 0.000000 0.000000 1.000000
0.993860 -0.085895 0.069747 0.072000 0.073011 0.982750 0.169915 7.257300 -0.083139 -0.163779 0.982987 -0.789700 0.000000 0.000000 0.000000 1.000000
0.991058 -0.100810 0.087418 0.072000 0.084684 0.981488 0.171784 7.257300 -0.103117 -0.162845 0.981248 -0.789700 0.000000 0.000000 0.000000 1.000000
0.988346 -0.116901 0.097502 0.072000 0.098716 0.979774 0.174061 7.257300 -0.115878 -0.162407 0.979896 -0.789700 0.000000 0.000000 0.000000 1.000000
0.985618 -0.131219 0.106479 0.072000 0.110766 0.977529 0.179353 7.257300 -0.127621 -0.164979 0.978006 -0.789700 0.000000 0.000000 0.000000 1.000000
0.982427 -0.143448 0.119415 0.072000 0.119583 0.974980 0.187387 7.257300 -0.143307 -0.169814 0.975001 -0.789700 0.000000 0.000000 0.000000 1.000000</float_array>
        <technique_common>
          <accessor source="#mixamorig_Spine-Matrix-animation-output-transform-array" count="42" stride="16">
            <param type="float4x4"/>
          </accessor>
        </technique_common>
      </source>
      <source id="mixamorig_Spine-Interpolations">
        <Name_array id="mixamorig_Spine-Interpolations-array" count="42">
 LINEAR LINEAR LINEAR LINEAR LINEAR LINEAR LINEAR LINEAR LINEAR LINEAR LINEAR
LINEAR LINEAR LINEAR LINEAR LINEAR LINEAR LINEAR LINEAR LINEAR LINEAR LINEAR LINEAR
LINEAR LINEAR LINEAR LINEAR LINEAR LINEAR LINEAR LINEAR LINEAR LINEAR LINEAR LINEAR
LINEAR LINEAR LINEAR LINEAR LINEAR LINEAR LINEAR</Name_array>
        <technique_common>
          <accessor source="#mixamorig_Spine-Interpolations-array" count="42">
            <param type="name"/>
          </accessor>
        </technique_common>
      </source>
      <sampler id="mixamorig_Spine-Matrix-animation-transform">
        <input semantic="INPUT" source="#mixamorig_Spine-Matrix-animation-input"/>
        <input semantic="OUTPUT" source="#mixamorig_Spine-Matrix-animation-output-transform"/>
        <input semantic="INTERPOLATION" source="#mixamorig_Spine-Interpolations"/>
      </sampler>
      <channel source="#mixamorig_Spine-Matrix-animation-transform" target="mixamorig_Spine/matrix"/>
    </animation>
    <animation id="mixamorig_Spine1-anim" name="mixamorig_Spine1">
      <source id="mixamorig_Spine1-Matrix-animation-input">
        <float_array id="mixamorig_Spine1-Matrix-animation-input-array" count="42">

0.000000 0.033333 0.066667 0.100000 0.133333 0.166667 0.200000 0.233333 0.266667 0.300000 0.333333 0.366667 0.400000 0.433333 0.466667 0.500000
0.533333 0.566667 0.600000 0.633333 0.666667 0.700000 0.733333 0.766667 0.800000 0.833333 0.866667 0.900000 0.933333 0.966667 1.000000 1.033333
1.066667 1.100000 1.133333 1.166667 1.200000 1.233333 1.266667 1.300000 1.333333 1.366667</float_array>
        <technique_common>
          <accessor source="#mixamorig_Spine1-Matrix-animation-input-array" count="42">
            <param name="TIME" type="float"/>
          </accessor>
        </technique_common>
      </source>
      <source id="mixamorig_Spine1-Matrix-animation-output-transform">
        <float_array id="mixamorig_Spine1-Matrix-animation-output-transform-array" count="672">

0.996881 0.075205 0.023938 0.000000 -0.074041 0.996181 -0.046279 8.558700 -0.027327 0.044362 0.998642 0.000000 0.000000 0.000000 0.000000 1.000000
0.996704 0.077051 0.025400 0.000000 -0.075715 0.995879 -0.049928 8.558700 -0.029142 0.047840 0.998430 0.000000 0.000000 0.000000 0.000000 1.000000
0.996513 0.079164 0.026377 0.000000 -0.077665 0.995533 -0.053686 8.558700 -0.030509 0.051450 0.998209 -0.000000 0.000000 0.000000 0.000000 1.000000
0.996229 0.082363 0.027261 0.000000 -0.080711 0.995108 -0.056975 8.558700 -0.031820 0.054560 0.998003 -0.000000 0.000000 0.000000 0.000000 1.000000
0.995781 0.086955 0.029306 0.000000 -0.085150 0.994674 -0.058072 8.558700 -0.034199 0.055332 0.997882 0.000000 0.000000 0.000000 0.000000 1.000000
0.995389 0.090585 0.031547 0.000000 -0.088753 0.994518 -0.055292 8.558700 -0.036383 0.052237 0.997972 0.000000 0.000000 0.000000 0.000000 1.000000
0.995204 0.092294 0.032411 0.000000 -0.090578 0.994586 -0.050929 8.558700 -0.036936 0.047749 0.998176 0.000000 0.000000 0.000000 0.000000 1.000000
0.995249 0.092284 0.031045 0.000000 -0.090783 0.994775 -0.046706 8.558700 -0.035193 0.043666 0.998426 0.000000 0.000000 0.000000 0.000000 1.000000
0.995409 0.091353 0.028565 -0.000000 -0.090093 0.995019 -0.042656 8.558700 -0.032319 0.039887 0.998681 0.000000 0.000000 0.000000 0.000000 1.000000
0.995505 0.090910 0.026542 0.000000 -0.089855 0.995209 -0.038540 8.558700 -0.029918 0.035981 0.998905 -0.000000 0.000000 0.000000 0.000000 1.000000
0.995455 0.091786 0.025377 0.000000 -0.090891 0.995266 -0.034416 8.558700 -0.028416 0.031953 0.999085 0.000000 0.000000 0.000000 0.000000 1.000000
0.995382 0.092897 0.024198 0.000000 -0.092113 0.995244 -0.031692 8.558700 -0.027027 0.029317 0.999205 0.000000 0.000000 0.000000 0.000000 1.000000
0.995481 0.092344 0.022155 0.000000 -0.091633 0.995303 -0.031225 8.558700 -0.024934 0.029054 0.999267 0.000000 0.000000 0.000000 0.000000 1.000000
0.995762 0.089773 0.019979 0.000000 -0.089118 0.995521 -0.031575 8.558700 -0.022724 0.029660 0.999302 0.000000 0.000000 0.000000 0.000000 1.000000
0.996156 0.085462 0.019244 0.000000 -0.084838 0.995906 -0.031199 8.558700 -0.021832 0.029446 0.999328 -0.000000 0.000000 0.000000 0.000000 1.000000
0.996492 0.081002 0.021016 -0.000000 -0.080325 0.996278 -0.031278 8.558700 -0.023471 0.029481 0.999290 -0.000000 0.000000 0.000000 0.000000 1.000000
0.996626 0.078458 0.024087 0.000000 -0.077634 0.996422 -0.033419 8.558700 -0.026622 0.031436 0.999151 0.000000 0.000000 0.000000 0.000000 1.000000
0.996525 0.078942 0.026556 -0.000000 -0.077962 0.996302 -0.036105 8.558700 -0.029308 0.033909 0.998995 -0.000000 0.000000 0.000000 0.000000 1.000000
0.996496 0.079321 0.026524 0.000000 -0.078299 0.996222 -0.037570 8.558700 -0.029404 0.035361 0.998942 0.000000 0.000000 0.000000 0.000000 1.000000
0.996739 0.076784 0.024820 0.000000 -0.075802 0.996385 -0.038349 8.558700 -0.027675 0.036343 0.998956 -0.000000 0.000000 0.000000 0.000000 1.000000
0.997136 0.071908 0.023439 -0.000000 -0.070937 0.996681 -0.039940 8.558700 -0.026233 0.038163 0.998927 0.000000 0.000000 0.000000 0.000000 1.000000
0.997377 0.067970 0.024884 -0.000000 -0.066835 0.996797 -0.043923 8.558700 -0.027790 0.042144 0.998725 0.000000 0.000000 0.000000 0.000000 1.000000
0.997385 0.066393 0.028553 -0.000000 -0.064965 0.996717 -0.048324 8.558700 -0.031668 0.046343 0.998423 -0.000000 0.000000 0.000000 0.000000 1.000000
0.997254 0.066938 0.031682 -0.000000 -0.065332 0.996646 -0.049273 8.558700 -0.034874 0.047068 0.998283 -0.000000 0.000000 0.000000 0.000000 1.000000
0.997111 0.069035 0.031680 -0.000000 -0.067518 0.996624 -0.046702 8.558700 -0.034797 0.044428 0.998406 -0.000000 0.000000 0.000000 0.000000 1.000000
0.997304 0.067953 0.027686 -0.000000 -0.066679 0.996777 -0.044602 8.558700 -0.030627 0.042636 0.998621 0.000000 0.000000 0.000000 0.000000 1.000000
0.997800 0.062252 0.022804 0.000000 -0.061195 0.997135 -0.044457 8.558700 -0.025507 0.042963 0.998751 0.000000 0.000000 0.000000 0.000000 1.000000
0.998226 0.056442 0.018947 0.000000 -0.055576 0.997507 -0.043479 8.558700 -0.021354 0.042348 0.998875 0.000000 0.000000 0.000000 0.000000 1.000000
0.998253 0.056566 0.017074 -0.000000 -0.055852 0.997646 -0.039775 8.558700 -0.019283 0.038752 0.999063 0.000000 0.000000 0.000000 0.000000 1.000000
0.998043 0.060386 0.016244 -0.000000 -0.059767 0.997554 -0.036244 8.558700 -0.018392 0.035202 0.999211 -0.000000 0.000000 0.000000 0.000000 1.000000
0.997884 0.063202 0.015283 0.000000 -0.062637 0.997423 -0.034987 8.558700 -0.017454 0.033956 0.999271 0.000000 0.000000 0.000000 0.000000 1.000000
0.997943 0.062731 0.013197 -0.000000 -0.062209 0.997383 -0.036846 8.558700 -0.015474 0.035949 0.999234 0.000000 0.000000 0.000000 0.000000 1.000000
0.998148 0.060030 0.009810 0.000000 -0.059563 0.997320 -0.042482 8.558700 -0.012334 0.041819 0.999049 0.000000 0.000000 0.000000 0.000000 1.000000
0.998381 0.056462 0.006814 0.000000 -0.056058 0.997200 -0.049487 8.558700 -0.009589 0.049025 0.998752 0.000000 0.000000 0.000000 0.000000 1.000000
0.998604 0.052532 0.005556 -0.000000 -0.052156 0.997175 -0.054045 8.558700 -0.008380 0.053679 0.998523 0.000000 0.000000 0.000000 0.000000 1.000000
0.998735 0.049790 0.007036 -0.000000 -0.049348 0.997371 -0.053069 8.558700 -0.009660 0.052655 0.998566 -0.000000 0.000000 0.000000 0.000000 1.000000
0.998678 0.050375 0.010228 -0.000000 -0.049808 0.997522 -0.049692 8.558700 -0.012706 0.049117 0.998712 -0.000000 0.000000 0.000000 0.000000 1.000000
0.998347 0.055675 0.014240 0.000000 -0.054962 0.997412 -0.046354 8.558700 -0.016784 0.045495 0.998824 0.000000 0.000000 0.000000 0.000000 1.000000
0.997829 0.063391 0.017879 0.000000 -0.062561 0.997086 -0.043654 8.558700 -0.020594 0.042440 0.998887 0.000000 0.000000 0.000000 0.000000 1.000000
0.997351 0.069899 0.020115 0.000000 -0.069003 0.996721 -0.042258 8.558700 -0.023003 0.040758 0.998904 0.000000 0.000000 0.000000 0.000000 1.000000
0.997082 0.073145 0.021834 0.000000 -0.072154 0.996459 -0.043155 8.558700 -0.024914 0.041454 0.998830 0.000000 0.000000 0.000000 0.000000 1.000000
0.996881 0.075205 0.023938 0.000000 -0.074041 0.996181 -0.046279 8.558700 -0.027327 0.044363 0.998642 0.000000 0.000000 0.000000 0.000000 1.000000</float_array>
        <technique_common>
          <accessor source="#mixamorig_Spine1-Matrix-animation-output-transform-array" count="42" stride="16">
            <param type="float4x4"/>
          </accessor>
        </technique_common>
      </source>
      <source id="mixamorig_Spine1-Interpolations">
        <Name_array id="mixamorig_Spine1-Interpolations-array" count="42">
 LINEAR LINEAR LINEAR LINEAR LINEAR LINEAR LINEAR LINEAR LINEAR LINEAR LINEAR
LINEAR LINEAR LINEAR LINEAR LINEAR LINEAR LINEAR LINEAR LINEAR LINEAR LINEAR LINEAR
LINEAR LINEAR LINEAR LINEAR LINEAR LINEAR LINEAR LINEAR LINEAR LINEAR LINEAR LINEAR
LINEAR LINEAR LINEAR LINEAR LINEAR LINEAR LINEAR</Name_array>
        <technique_common>
          <accessor source="#mixamorig_Spine1-Interpolations-array" count="42">
            <param type="name"/>
          </accessor>
        </technique_common>
      </source>
      <sampler id="mixamorig_Spine1-Matrix-animation-transform">
        <input semantic="INPUT" source="#mixamorig_Spine1-Matrix-animation-input"/>
        <input semantic="OUTPUT" source="#mixamorig_Spine1-Matrix-animation-output-transform"/>
        <input semantic="INTERPOLATION" source="#mixamorig_Spine1-Interpolations"/>
      </sampler>
      <channel source="#mixamorig_Spine1-Matrix-animation-transform" target="mixamorig_Spine1/matrix"/>
    </animation>
    <animation id="mixamorig_Spine2-anim" name="mixamorig_Spine2">
      <source id="mixamorig_Spine2-Matrix-animation-input">
        <float_array id="mixamorig_Spine2-Matrix-animation-input-array" count="42">

0.000000 0.033333 0.066667 0.100000 0.133333 0.166667 0.200000 0.233333 0.266667 0.300000 0.333333 0.366667 0.400000 0.433333 0.466667 0.500000
0.533333 0.566667 0.600000 0.633333 0.666667 0.700000 0.733333 0.766667 0.800000 0.833333 0.866667 0.900000 0.933333 0.966667 1.000000 1.033333
1.066667 1.100000 1.133333 1.166667 1.200000 1.233333 1.266667 1.300000 1.333333 1.366667</float_array>
        <technique_common>
          <accessor source="#mixamorig_Spine2-Matrix-animation-input-array" count="42">
            <param name="TIME" type="float"/>
          </accessor>
        </technique_common>
      </source>
      <source id="mixamorig_Spine2-Matrix-animation-output-transform">
        <float_array id="mixamorig_Spine2-Matrix-animation-output-transform-array" count="672">

0.996973 0.076101 0.015954 0.000000 -0.073066 0.987091 -0.142521 29.149500 -0.026594 0.140924 0.989663 1.721100 0.000000 0.000000 0.000000 1.000000
0.996813 0.077843 0.017445 0.000000 -0.074453 0.986337 -0.146953 29.149500 -0.028645 0.145186 0.988990 1.721100 0.000000 0.000000 0.000000 1.000000
0.996577 0.080498 0.018810 0.000000 -0.076761 0.985572 -0.150849 29.149500 -0.030681 0.148889 0.988378 1.721100 0.000000 0.000000 0.000000 1.000000
0.996280 0.083839 0.019914 -0.000000 -0.079813 0.984910 -0.153568 29.149500 -0.032489 0.151407 0.987937 1.721100 0.000000 0.000000 0.000000 1.000000
0.995961 0.087390 0.020592 0.000000 -0.083196 0.984516 -0.154295 29.149500 -0.033757 0.151959 0.987810 1.721100 0.000000 0.000000 0.000000 1.000000
0.995679 0.090529 0.020708 -0.000000 -0.086335 0.984491 -0.152723 29.149500 -0.034212 0.150275 0.988052 1.721100 0.000000 0.000000 0.000000 1.000000
0.995465 0.092937 0.020291 -0.000000 -0.088889 0.984754 -0.149528 29.149500 -0.033878 0.147046 0.988549 1.721100 0.000000 0.000000 0.000000 1.000000
0.995358 0.094277 0.019337 0.000000 -0.090502 0.985268 -0.145107 29.149500 -0.032732 0.142683 0.989227 1.721100 0.000000 0.000000 0.000000 1.000000
0.995333 0.094785 0.018115 0.000000 -0.091343 0.985936 -0.139953 29.149500 -0.031126 0.137645 0.989992 1.721100 0.000000 0.000000 0.000000 1.000000
0.995347 0.094893 0.016712 0.000000 -0.091786 0.986564 -0.135153 29.149500 -0.029313 0.132991 0.990684 1.721100 0.000000 0.000000 0.000000 1.000000
0.995384 0.094751 0.015237 -0.000000 -0.091953 0.987084 -0.131190 29.149500 -0.027470 0.129183 0.991240 1.721100 0.000000 0.000000 0.000000 1.000000
0.995470 0.094050 0.013909 0.000000 -0.091501 0.987486 -0.128451 29.149500 -0.025816 0.126596 0.991618 1.721100 0.000000 0.000000 0.000000 1.000000
0.995636 0.092438 0.012848 -0.000000 -0.090073 0.987813 -0.126937 29.149500 -0.024426 0.125226 0.991828 1.721100 0.000000 0.000000 0.000000 1.000000
0.995871 0.089963 0.012186 0.000000 -0.087712 0.988083 -0.126487 29.149500 -0.023420 0.124896 0.991893 1.721100 0.000000 0.000000 0.000000 1.000000
0.996168 0.086624 0.012042 0.000000 -0.084405 0.988307 -0.126988 29.149500 -0.022902 0.125485 0.991831 1.721100 0.000000 0.000000 0.000000 1.000000
0.996473 0.082963 0.012581 0.000000 -0.080681 0.988478 -0.128074 29.149500 -0.023062 0.126607 0.991685 1.721100 0.000000 0.000000 0.000000 1.000000
0.996755 0.079336 0.013597 -0.000000 -0.076918 0.988582 -0.129574 29.149500 -0.023721 0.128108 0.991476 1.721100 0.000000 0.000000 0.000000 1.000000
0.996982 0.076191 0.014864 -0.000000 -0.073595 0.988618 -0.131217 29.149500 -0.024693 0.129727 0.991242 1.721100 0.000000 0.000000 0.000000 1.000000
0.997167 0.073458 0.016178 0.000000 -0.070669 0.988596 -0.132977 29.149500 -0.025762 0.131457 0.990987 1.721100 0.000000 0.000000 0.000000 1.000000
0.997311 0.071158 0.017537 -0.000000 -0.068155 0.988497 -0.135014 29.149500 -0.026943 0.133455 0.990689 1.721100 0.000000 0.000000 0.000000 1.000000
0.997411 0.069417 0.018788 0.000000 -0.066189 0.988272 -0.137614 29.149500 -0.028120 0.136014 0.990308 1.721100 0.000000 0.000000 0.000000 1.000000
0.997450 0.068569 0.019807 0.000000 -0.065118 0.987907 -0.140707 29.149500 -0.029215 0.139059 0.989853 1.721100 0.000000 0.000000 0.000000 1.000000
0.997427 0.068723 0.020426 0.000000 -0.065104 0.987518 -0.143419 29.149500 -0.030027 0.141720 0.989451 1.721100 0.000000 0.000000 0.000000 1.000000
0.997393 0.069173 0.020527 -0.000000 -0.065489 0.987277 -0.144897 29.149500 -0.030289 0.143175 0.989234 1.721100 0.000000 0.000000 0.000000 1.000000
0.997428 0.068839 0.019983 0.000000 -0.065240 0.987306 -0.144809 29.149500 -0.029698 0.143133 0.989258 1.721100 0.000000 0.000000 0.000000 1.000000
0.997619 0.066401 0.018620 0.000000 -0.063066 0.987678 -0.143229 29.149500 -0.027901 0.141713 0.989514 1.721100 0.000000 0.000000 0.000000 1.000000
0.997874 0.063009 0.016667 -0.000000 -0.060049 0.988224 -0.140740 29.149500 -0.025339 0.139440 0.989906 1.721100 0.000000 0.000000 0.000000 1.000000
0.998100 0.059939 0.014240 0.000000 -0.057418 0.988819 -0.137622 29.149500 -0.022330 0.136543 0.990382 1.721100 0.000000 0.000000 0.000000 1.000000
0.998184 0.059142 0.011468 -0.000000 -0.057074 0.989303 -0.134247 29.149500 -0.019285 0.133349 0.990882 1.721100 0.000000 0.000000 0.000000 1.000000
0.998138 0.060386 0.008618 0.000000 -0.058730 0.989556 -0.131644 29.149500 -0.016477 0.130892 0.991260 1.721100 0.000000 0.000000 0.000000 1.000000
0.998047 0.062180 0.005908 0.000000 -0.060872 0.989509 -0.131024 29.149500 -0.013993 0.130409 0.991362 1.721100 0.000000 0.000000 0.000000 1.000000
0.998038 0.062509 0.003668 -0.000000 -0.061463 0.989170 -0.133286 29.149500 -0.011960 0.132799 0.991071 1.721100 0.000000 0.000000 0.000000 1.000000
0.998183 0.060221 0.002094 0.000000 -0.059356 0.988643 -0.138063 29.149500 -0.010385 0.137688 0.990421 1.721100 0.000000 0.000000 0.000000 1.000000
0.998419 0.056189 0.001311 0.000000 -0.055422 0.988134 -0.143244 29.149500 -0.009344 0.142945 0.989686 1.721100 0.000000 0.000000 0.000000 1.000000
0.998650 0.051933 0.001391 0.000000 -0.051164 0.987800 -0.147082 29.149500 -0.009013 0.146812 0.989123 1.721100 0.000000 0.000000 0.000000 1.000000
0.998742 0.050080 0.002493 -0.000000 -0.049165 0.987837 -0.147518 29.149500 -0.009850 0.147210 0.989056 1.721100 0.000000 0.000000 0.000000 1.000000
0.998658 0.051611 0.004275 0.000000 -0.050443 0.988090 -0.145372 29.149500 -0.011727 0.144961 0.989368 1.721100 0.000000 0.000000 0.000000 1.000000
0.998387 0.056393 0.006524 0.000000 -0.054899 0.988353 -0.141931 29.149500 -0.014452 0.141344 0.989855 1.721100 0.000000 0.000000 0.000000 1.000000
0.997972 0.063008 0.009017 0.000000 -0.061147 0.988397 -0.139041 29.149500 -0.017673 0.138208 0.990246 1.721100 0.000000 0.000000 0.000000 1.000000
0.997528 0.069322 0.011521 -0.000000 -0.067075 0.988149 -0.138065 29.149500 -0.020955 0.136951 0.990356 1.721100 0.000000 0.000000 0.000000 1.000000
0.997161 0.073988 0.013970 0.000000 -0.071336 0.987695 -0.139174 29.149500 -0.024096 0.137782 0.990169 1.721100 0.000000 0.000000 0.000000 1.000000
0.996973 0.076101 0.015954 0.000000 -0.073066 0.987091 -0.142521 29.149500 -0.026594 0.140924 0.989663 1.721100 0.000000 0.000000 0.000000 1.000000</float_array>
        <technique_common>
          <accessor source="#mixamorig_Spine2-Matrix-animation-output-transform-array" count="42" stride="16">
            <param type="float4x4"/>
          </accessor>
        </technique_common>
      </source>
      <source id="mixamorig_Spine2-Interpolations">
        <Name_array id="mixamorig_Spine2-Interpolations-array" count="42">
 LINEAR LINEAR LINEAR LINEAR LINEAR LINEAR LINEAR LINEAR LINEAR LINEAR LINEAR
LINEAR LINEAR LINEAR LINEAR LINEAR LINEAR LINEAR LINEAR LINEAR LINEAR LINEAR LINEAR
LINEAR LINEAR LINEAR LINEAR LINEAR LINEAR LINEAR LINEAR LINEAR LINEAR LINEAR LINEAR
LINEAR LINEAR LINEAR LINEAR LINEAR LINEAR LINEAR</Name_array>
        <technique_common>
          <accessor source="#mixamorig_Spine2-Interpolations-array" count="42">
            <param type="name"/>
          </accessor>
        </technique_common>
      </source>
      <sampler id="mixamorig_Spine2-Matrix-animation-transform">
        <input semantic="INPUT" source="#mixamorig_Spine2-Matrix-animation-input"/>
        <input semantic="OUTPUT" source="#mixamorig_Spine2-Matrix-animation-output-transform"/>
        <input semantic="INTERPOLATION" source="#mixamorig_Spine2-Interpolations"/>
      </sampler>
      <channel source="#mixamorig_Spine2-Matrix-animation-transform" target="mixamorig_Spine2/matrix"/>
    </animation>
    <animation id="mixamorig_Neck-anim" name="mixamorig_Neck">
      <source id="mixamorig_Neck-Matrix-animation-input">
        <float_array id="mixamorig_Neck-Matrix-animation-input-array" count="42">

0.000000 0.033333 0.066667 0.100000 0.133333 0.166667 0.200000 0.233333 0.266667 0.300000 0.333333 0.366667 0.400000 0.433333 0.466667 0.500000
0.533333 0.566667 0.600000 0.633333 0.666667 0.700000 0.733333 0.766667 0.800000 0.833333 0.866667 0.900000 0.933333 0.966667 1.000000 1.033333
1.066667 1.100000 1.133333 1.166667 1.200000 1.233333 1.266667 1.300000 1.333333 1.366667</float_array>
        <technique_common>
          <accessor source="#mixamorig_Neck-Matrix-animation-input-array" count="42">
            <param name="TIME" type="float"/>
          </accessor>
        </technique_common>
      </source>
      <source id="mixamorig_Neck-Matrix-animation-output-transform">
        <float_array id="mixamorig_Neck-Matrix-animation-output-transform-array" count="672">

0.999838 -0.017980 0.000239 0.000000 0.017697 0.986291 0.164062 13.857900 -0.003186 -0.164031 0.986450 7.405300 0.000000 0.000000 0.000000 1.000000
0.999836 -0.017679 -0.003968 0.000000 0.018103 0.984027 0.177095 13.857900 0.000773 -0.177138 0.984186 7.405300 0.000000 0.000000 0.000000 1.000000
0.999752 -0.020591 -0.008490 -0.000000 0.021822 0.981852 0.188389 13.857900 0.004457 -0.188528 0.982058 7.405300 0.000000 0.000000 0.000000 1.000000
0.999579 -0.025392 -0.014009 -0.000000 0.027668 0.979747 0.198317 13.857900 0.008690 -0.198621 0.980038 7.405300 0.000000 0.000000 0.000000 1.000000
0.999483 -0.025787 -0.019200 -0.000000 0.029217 0.977745 0.207750 13.857900 0.013416 -0.208204 0.977993 7.405300 0.000000 0.000000 0.000000 1.000000
0.999508 -0.023822 -0.020405 0.000000 0.027610 0.976885 0.211975 13.857900 0.014883 -0.212434 0.977062 7.405300 0.000000 0.000000 0.000000 1.000000
0.999588 -0.023117 -0.017027 0.000000 0.026178 0.977379 0.209870 13.857900 0.011790 -0.210230 0.977581 7.405300 0.000000 0.000000 0.000000 1.000000
0.999674 -0.023530 -0.009953 0.000000 0.025055 0.979114 0.201763 13.857900 0.004998 -0.201947 0.979384 7.405300 0.000000 0.000000 0.000000 1.000000
0.999783 -0.020801 -0.001441 0.000000 0.020701 0.981934 0.188087 13.857900 -0.002498 -0.188076 0.982151 7.405300 0.000000 0.000000 0.000000 1.000000
0.999895 -0.012831 0.006660 0.000000 0.011499 0.985113 0.171521 13.857900 -0.008762 -0.171426 0.985158 7.405300 0.000000 0.000000 0.000000 1.000000
0.999907 -0.000495 0.013639 0.000000 -0.001621 0.987958 0.154712 13.857900 -0.013551 -0.154720 0.987865 7.405300 0.000000 0.000000 0.000000 1.000000
0.999690 0.015443 0.019550 -0.000000 -0.018038 0.989926 0.140429 13.857900 -0.017184 -0.140738 0.989898 7.405300 0.000000 0.000000 0.000000 1.000000
0.999215 0.031300 0.024295 -0.000000 -0.034203 0.990913 0.130080 13.857900 -0.020002 -0.130808 0.991206 7.405300 0.000000 0.000000 0.000000 1.000000
0.998793 0.041393 0.026439 0.000000 -0.044366 0.991282 0.124067 13.857900 -0.021073 -0.125090 0.991922 7.405300 0.000000 0.000000 0.000000 1.000000
0.998898 0.040003 0.024548 0.000000 -0.042711 0.991604 0.122058 13.857900 -0.019459 -0.122972 0.992219 7.405300 0.000000 0.000000 0.000000 1.000000
0.999466 0.026480 0.019119 0.000000 -0.028625 0.992070 0.122384 13.857900 -0.015727 -0.122865 0.992299 7.405300 0.000000 0.000000 0.000000 1.000000
0.999907 0.006002 0.012282 0.000000 -0.007490 0.992132 0.124970 13.857900 -0.011436 -0.125050 0.992085 7.405300 0.000000 0.000000 0.000000 1.000000
0.999855 -0.016166 0.005364 -0.000000 0.015329 0.991350 0.130349 13.857900 -0.007425 -0.130248 0.991454 7.405300 0.000000 0.000000 0.000000 1.000000
0.999377 -0.035271 -0.000921 -0.000000 0.035058 0.989730 0.138587 13.857900 -0.003977 -0.138533 0.990350 7.405300 0.000000 0.000000 0.000000 1.000000
0.998788 -0.048873 -0.005909 -0.000000 0.049209 0.987829 0.147554 13.857900 -0.001374 -0.147666 0.989036 7.405300 0.000000 0.000000 0.000000 1.000000
0.998345 -0.056726 -0.009404 0.000000 0.057499 0.986086 0.155974 13.857900 0.000426 -0.156256 0.987716 7.405300 0.000000 0.000000 0.000000 1.000000
0.997981 -0.062259 -0.012560 0.000000 0.063481 0.984084 0.165981 13.857900 0.002026 -0.166443 0.986049 7.405300 0.000000 0.000000 0.000000 1.000000
0.997586 -0.067628 -0.015744 0.000000 0.069354 0.981495 0.178487 13.857900 0.003382 -0.179148 0.983816 7.405300 0.000000 0.000000 0.000000 1.000000
0.997192 -0.072822 -0.017486 0.000000 0.074812 0.979392 0.187603 13.857900 0.003464 -0.188385 0.982089 7.405300 0.000000 0.000000 0.000000 1.000000
0.996936 -0.076579 -0.015947 -0.000000 0.078212 0.979158 0.187437 13.857900 0.001260 -0.188109 0.982147 7.405300 0.000000 0.000000 0.000000 1.000000
0.997119 -0.075235 -0.009685 0.000000 0.075745 0.980621 0.180679 13.857900 -0.004096 -0.180892 0.983494 7.405300 0.000000 0.000000 0.000000 1.000000
0.997719 -0.067506 -0.000259 -0.000000 0.066512 0.982359 0.174777 13.857900 -0.011544 -0.174396 0.984608 7.405300 0.000000 0.000000 0.000000 1.000000
0.998383 -0.055970 0.009918 0.000000 0.053485 0.984080 0.169485 13.857900 -0.019246 -0.168681 0.985483 7.405300 0.000000 0.000000 0.000000 1.000000
