<?xml version="1.0" encoding="utf-8"?>
<COLLADA xmlns="http://www.collada.org/2005/11/COLLADASchema" version="1.4.1">
  <asset>
    <contributor>
      <author>Mixamo</author>
      <authoring_tool>COLLADA Mixamo exporter</authoring_tool>
      <comments/>
    </contributor>
    <created>2024-03-07T23:57:54Z</created>
    <modified>2024-03-07T23:57:54Z</modified>
    <revision/>
    <title/>
    <unit meter="0.010000"/>
    <up_axis>Y_UP</up_axis>
  </asset>
  <library_animations>
    <animation id="mixamorig_Hips-anim" name="mixamorig_Hips">
      <source id="mixamorig_Hips-Matrix-animation-input">
        <float_array id="mixamorig_Hips-Matrix-animation-input-array" count="135">

0.000000 0.033333 0.066667 0.100000 0.133333 0.166667 0.200000 0.233333 0.266667 0.300000 0.333333 0.366667 0.400000 0.433333 0.466667 0.500000
0.533333 0.566667 0.600000 0.633333 0.666667 0.700000 0.733333 0.766667 0.800000 0.833333 0.866667 0.900000 0.933333 0.966667 1.000000 1.033333
1.066667 1.100000 1.133333 1.166667 1.200000 1.233333 1.266667 1.300000 1.333333 1.366667 1.400000 1.433333 1.466667 1.500000 1.533333 1.566667
1.600000 1.633333 1.666667 1.700000 1.733333 1.766667 1.800000 1.833333 1.866667 1.900000 1.933333 1.966667 2.000000 2.033333 2.066667 2.100000
2.133333 2.166667 2.200000 2.233333 2.266667 2.300000 2.333333 2.366667 2.400000 2.433333 2.466667 2.500000 2.533333 2.566667 2.600000 2.633333
2.666667 2.700000 2.733333 2.766667 2.800000 2.833333 2.866667 2.900000 2.933333 2.966667 3.000000 3.033333 3.066667 3.100000 3.133333 3.166667
3.200000 3.233333 3.266667 3.300000 3.333333 3.366667 3.400000 3.433333 3.466667 3.500000 3.533333 3.566667 3.600000 3.633333 3.666667 3.700000
3.733333 3.766667 3.800000 3.833333 3.866667 3.900000 3.933333 3.966667 4.000000 4.033333 4.066667 4.100000 4.133333 4.166667 4.200000 4.233333
4.266667 4.300000 4.333333 4.366667 4.400000 4.433333 4.466667</float_array>
        <technique_common>
          <accessor source="#mixamorig_Hips-Matrix-animation-input-array" count="135">
            <param name="TIME" type="float"/>
          </accessor>
        </technique_common>
      </source>
      <source id="mixamorig_Hips-Matrix-animation-output-transform">
        <float_array id="mixamorig_Hips-Matrix-animation-output-transform-array" count="2160">

0.978731 0.169746 0.115207 -24.497681 -0.134240 0.954570 -0.266039 107.722237 -0.155132 0.244915 0.957053 -3.736141 0.000000 0.000000 0.000000 1.000000
0.974431 0.184295 0.128533 -24.331657 -0.141381 0.947516 -0.286748 107.285309 -0.174633 0.261244 0.949344 -3.705770 0.000000 0.000000 0.000000 1.000000
0.964782 0.203305 0.166918 -24.362787 -0.151300 0.947969 -0.280112 106.091141 -0.215182 0.244992 0.945344 -3.630242 0.000000 0.000000 0.000000 1.000000
0.952139 0.220471 0.211716 -24.147522 -0.166479 0.954936 -0.245728 103.812042 -0.256351 0.198721 0.945936 -3.508710 0.000000 0.000000 0.000000 1.000000
0.945571 0.247060 0.211792 -23.340601 -0.203135 0.956592 -0.208967 102.072823 -0.254226 0.154571 0.954713 -3.601544 0.000000 0.000000 0.000000 1.000000
0.949635 0.262159 0.171655 -21.960997 -0.231495 0.956124 -0.179549 101.966400 -0.211194 0.130769 0.968657 -3.596469 0.000000 0.000000 0.000000 1.000000
0.960293 0.246732 0.130231 -20.229332 -0.224883 0.960810 -0.162087 103.857994 -0.165119 0.126364 0.978145 -2.974987 0.000000 0.000000 0.000000 1.000000
0.973577 0.203188 0.104218 -18.192907 -0.186552 0.970898 -0.150187 107.346451 -0.131702 0.126777 0.983149 -1.660204 0.000000 0.000000 0.000000 1.000000
0.987127 0.145203 0.067049 -15.755905 -0.135155 0.981486 -0.135718 111.676155 -0.085514 0.124909 0.988476 -0.061939 0.000000 0.000000 0.000000 1.000000
0.996239 0.086562 0.003850 -12.973846 -0.085423 0.988632 -0.123736 115.752739 -0.014517 0.122942 0.992308 1.377468 0.000000 0.000000 0.000000 1.000000
0.997469 0.042744 -0.056816 -9.648886 -0.049550 0.991001 -0.124346 118.387932 0.050990 0.126847 0.990611 2.346124 0.000000 0.000000 0.000000 1.000000
0.995980 0.019641 -0.087399 -5.874134 -0.031527 0.990101 -0.136769 119.912636 0.083848 0.138975 0.986740 2.873137 0.000000 0.000000 0.000000 1.000000
0.996200 0.008243 -0.086707 -2.029906 -0.021435 0.988097 -0.152333 120.411331 0.084419 0.153612 0.984519 3.079025 0.000000 0.000000 0.000000 1.000000
0.997739 -0.003078 -0.067137 1.901264 -0.008036 0.986320 -0.164649 120.068062 0.066726 0.164816 0.984065 3.151461 0.000000 0.000000 0.000000 1.000000
0.998751 -0.009894 -0.048981 6.363052 0.001191 0.984637 -0.174609 119.017593 0.049956 0.174333 0.983419 3.285921 0.000000 0.000000 0.000000 1.000000
0.998668 -0.012850 -0.049977 11.118324 0.003285 0.982365 -0.186943 117.420059 0.051497 0.186530 0.981099 3.425490 0.000000 0.000000 0.000000 1.000000
0.996932 -0.009340 -0.077716 15.620950 -0.006562 0.979387 -0.201887 115.481583 0.078000 0.201777 0.976321 3.293012 0.000000 0.000000 0.000000 1.000000
0.992819 -0.012278 -0.118996 19.288908 -0.013754 0.976407 -0.215499 112.884956 0.118835 0.215588 0.969226 2.629102 0.000000 0.000000 0.000000 1.000000
0.988248 -0.035629 -0.148649 21.987879 0.001413 0.974546 -0.224184 109.750313 0.152853 0.221340 0.963143 1.402613 0.000000 0.000000 0.000000 1.000000
0.986376 -0.069468 -0.149116 24.071856 0.034860 0.974143 -0.223227 106.587357 0.160768 0.214988 0.963293 -0.019247 0.000000 0.000000 0.000000 1.000000
0.987534 -0.101126 -0.120628 25.893774 0.074609 0.975494 -0.206990 104.237900 0.138604 0.195410 0.970878 -1.218582 0.000000 0.000000 0.000000 1.000000
0.989386 -0.120200 -0.081649 27.414429 0.104231 0.978571 -0.177581 102.963509 0.101245 0.167186 0.980713 -2.098797 0.000000 0.000000 0.000000 1.000000
0.990164 -0.129933 -0.051892 28.543974 0.120790 0.981033 -0.151608 102.423714 0.070606 0.143849 0.987078 -2.917211 0.000000 0.000000 0.000000 1.000000
0.989865 -0.138156 -0.032858 29.283890 0.131775 0.979849 -0.150105 102.662926 0.052934 0.144254 0.988124 -3.697401 0.000000 0.000000 0.000000 1.000000
0.988241 -0.151935 -0.017190 29.754396 0.146392 0.972612 -0.180544 103.514320 0.044150 0.175904 0.983417 -4.336883 0.000000 0.000000 0.000000 1.000000
0.986079 -0.165941 -0.010539 30.143957 0.158900 0.959116 -0.234194 104.525696 0.048970 0.229260 0.972133 -4.880434 0.000000 0.000000 0.000000 1.000000
0.984429 -0.173899 -0.025684 30.469492 0.158787 0.942374 -0.294478 105.663223 0.075413 0.285814 0.955313 -5.414808 0.000000 0.000000 0.000000 1.000000
0.983416 -0.170631 -0.061463 30.517405 0.139529 0.928308 -0.344640 106.914604 0.115863 0.330349 0.936721 -5.747538 0.000000 0.000000 0.000000 1.000000
0.982084 -0.163524 -0.093648 30.297287 0.117328 0.919499 -0.375174 107.900887 0.147459 0.357465 0.922212 -5.722848 0.000000 0.000000 0.000000 1.000000
0.982985 -0.153125 -0.101459 29.906355 0.102666 0.916009 -0.387799 108.523056 0.152319 0.370784 0.916143 -5.372698 0.000000 0.000000 0.000000 1.000000
0.985777 -0.139965 -0.093025 29.593962 0.093297 0.916162 -0.389797 108.542358 0.139784 0.375574 0.916190 -5.059491 0.000000 0.000000 0.000000 1.000000
0.988694 -0.121187 -0.088307 29.004620 0.078165 0.919106 -0.386180 108.652733 0.127964 0.374911 0.918187 -4.724394 0.000000 0.000000 0.000000 1.000000
0.990279 -0.111439 -0.083240 28.002108 0.072461 0.924129 -0.375147 109.122620 0.118730 0.365469 0.923220 -4.331533 0.000000 0.000000 0.000000 1.000000
0.991150 -0.115612 -0.065231 26.940706 0.085683 0.932511 -0.350830 109.619751 0.101389 0.342136 0.934165 -3.784708 0.000000 0.000000 0.000000 1.000000
0.989656 -0.135278 -0.047758 26.595114 0.114087 0.943964 -0.309704 108.958694 0.086978 0.301052 0.949633 -3.172572 0.000000 0.000000 0.000000 1.000000
0.984150 -0.164890 -0.065274 26.938072 0.143191 0.956000 -0.256049 106.728065 0.104622 0.242644 0.964457 -2.419015 0.000000 0.000000 0.000000 1.000000
0.973227 -0.192861 -0.125033 27.130270 0.165615 0.965624 -0.200353 104.131927 0.159375 0.174282 0.971713 -1.623324 0.000000 0.000000 0.000000 1.000000
0.957654 -0.219139 -0.186753 26.742670 0.192652 0.969735 -0.149997 102.248886 0.213971 0.107667 0.970888 -0.987292 0.000000 0.000000 0.000000 1.000000
0.951611 -0.229202 -0.204703 25.525251 0.210572 0.971497 -0.108870 101.485703 0.223822 0.060497 0.972751 -0.325408 0.000000 0.000000 0.000000 1.000000
0.961031 -0.215039 -0.173720 23.546791 0.202981 0.975518 -0.084635 102.060921 0.187667 0.046075 0.981152 0.442463 0.000000 0.000000 0.000000 1.000000
0.975670 -0.182095 -0.122107 21.146704 0.172394 0.981277 -0.085882 104.028755 0.135459 0.062742 0.988794 1.408383 0.000000 0.000000 0.000000 1.000000
0.987038 -0.141216 -0.076249 18.513462 0.132793 0.985450 -0.106089 107.122421 0.090121 0.094589 0.991429 2.561952 0.000000 0.000000 0.000000 1.000000
0.994317 -0.099034 -0.039063 15.610719 0.093571 0.987986 -0.122996 111.088135 0.050775 0.118642 0.991638 3.738251 0.000000 0.000000 0.000000 1.000000
0.998191 -0.060121 0.000486 12.593436 0.059695 0.990091 -0.127111 114.733566 0.007161 0.126910 0.991888 4.724239 0.000000 0.000000 0.000000 1.000000
0.998440 -0.036170 0.042538 9.534479 0.041275 0.991171 -0.126001 117.583923 -0.037605 0.127561 0.991118 5.496287 0.000000 0.000000 0.000000 1.000000
0.997246 -0.023757 0.070256 6.274290 0.032695 0.991112 -0.128947 119.010880 -0.066568 0.130889 0.989160 6.108626 0.000000 0.000000 0.000000 1.000000
0.997311 -0.009569 0.072653 2.754467 0.019505 0.990334 -0.137323 119.205856 -0.070637 0.138371 0.987858 6.562095 0.000000 0.000000 0.000000 1.000000
0.997973 0.004043 0.063511 -1.283275 0.005308 0.989214 -0.146384 118.542046 -0.063418 0.146424 0.987187 6.751034 0.000000 0.000000 0.000000 1.000000
0.997673 0.015052 0.066503 -5.604131 -0.004739 0.988279 -0.152582 117.612450 -0.068020 0.151912 0.986051 6.556196 0.000000 0.000000 0.000000 1.000000
0.995561 0.014257 0.093033 -10.115292 0.000195 0.988146 -0.153515 116.525482 -0.094119 0.152851 0.983757 5.942876 0.000000 0.000000 0.000000 1.000000
0.990742 0.002967 0.135724 -14.515265 0.017055 0.989120 -0.146119 115.201767 -0.134681 0.147081 0.979912 4.956987 0.000000 0.000000 0.000000 1.000000
0.982985 -0.005149 0.183612 -18.362667 0.029367 0.991154 -0.129425 113.388802 -0.181322 0.132615 0.974441 3.843775 0.000000 0.000000 0.000000 1.000000
0.972745 0.003721 0.231847 -21.466864 0.022286 0.993742 -0.109453 110.848778 -0.230803 0.111637 0.966575 2.896708 0.000000 0.000000 0.000000 1.000000
0.961390 0.034154 0.273060 -24.044321 -0.007651 0.995202 -0.097539 107.749146 -0.275082 0.091684 0.957039 2.218983 0.000000 0.000000 0.000000 1.000000
0.953268 0.082426 0.290663 -26.327423 -0.054419 0.993174 -0.103168 104.630295 -0.297183 0.082529 0.951247 1.700057 0.000000 0.000000 0.000000 1.000000
0.951752 0.139675 0.273240 -28.336424 -0.107930 0.985881 -0.128021 102.173218 -0.287263 0.092353 0.953389 1.114463 0.000000 0.000000 0.000000 1.000000
0.954576 0.192397 0.227525 -29.924686 -0.156499 0.973521 -0.166629 100.906395 -0.253559 0.123452 0.959410 0.337893 0.000000 0.000000 0.000000 1.000000
0.956721 0.235196 0.171369 -30.963057 -0.196959 0.956850 -0.213647 101.187645 -0.214224 0.170648 0.961763 -0.524773 0.000000 0.000000 0.000000 1.000000
0.955011 0.269694 0.123367 -31.484673 -0.230021 0.936155 -0.265901 102.817505 -0.187203 0.225562 0.956074 -1.326960 0.000000 0.000000 0.000000 1.000000
0.950636 0.293009 0.102160 -31.568518 -0.247570 0.914643 -0.319590 104.904930 -0.187082 0.278522 0.942033 -2.027390 0.000000 0.000000 0.000000 1.000000
0.948819 0.293976 0.115418 -31.104719 -0.233375 0.898859 -0.370929 107.014183 -0.212789 0.325008 0.921461 -2.479486 0.000000 0.000000 0.000000 1.000000
0.947347 0.283830 0.148235 -30.774178 -0.200785 0.887161 -0.415488 107.900970 -0.249436 0.363848 0.897439 -2.794947 0.000000 0.000000 0.000000 1.000000
0.947645 0.269853 0.170727 -31.332150 -0.169518 0.878224 -0.447198 107.458786 -0.270614 0.394844 0.877990 -3.312179 0.000000 0.000000 0.000000 1.000000
0.953979 0.244384 0.173784 -31.869207 -0.140814 0.876729 -0.459910 107.564011 -0.264756 0.414274 0.870794 -3.834316 0.000000 0.000000 0.000000 1.000000
0.958293 0.228633 0.171471 -32.151138 -0.129180 0.881730 -0.453724 108.172775 -0.254927 0.412650 0.874490 -4.455773 0.000000 0.000000 0.000000 1.000000
0.955662 0.225778 0.189035 -32.135113 -0.124078 0.890940 -0.436842 109.083015 -0.267048 0.394018 0.879452 -5.053804 0.000000 0.000000 0.000000 1.000000
0.946322 0.225513 0.231556 -31.845917 -0.113813 0.902996 -0.414301 110.273972 -0.302524 0.365708 0.880191 -5.360243 0.000000 0.000000 0.000000 1.000000
0.934016 0.218627 0.282518 -31.566648 -0.097987 0.917315 -0.385917 111.645538 -0.343530 0.332769 0.878209 -5.250459 0.000000 0.000000 0.000000 1.000000
0.916545 0.226240 0.329790 -31.914822 -0.103630 0.930799 -0.350535 111.533531 -0.386273 0.287105 0.876564 -5.105619 0.000000 0.000000 0.000000 1.000000
0.893671 0.230808 0.384812 -32.400436 -0.110118 0.944153 -0.310564 109.731705 -0.435002 0.235167 0.869178 -4.809107 0.000000 0.000000 0.000000 1.000000
0.861617 0.244354 0.444867 -32.460163 -0.129022 0.953138 -0.273646 107.411766 -0.490886 0.178381 0.852767 -4.545239 0.000000 0.000000 0.000000 1.000000
0.831519 0.262659 0.489476 -31.890572 -0.157105 0.956373 -0.246311 105.916237 -0.532817 0.127913 0.836507 -4.187838 0.000000 0.000000 0.000000 1.000000
0.823703 0.266221 0.500639 -30.727840 -0.172708 0.958770 -0.225680 106.067589 -0.540078 0.099429 0.835721 -3.428893 0.000000 0.000000 0.000000 1.000000
0.842689 0.241337 0.481281 -28.996048 -0.162181 0.966173 -0.200517 107.910751 -0.513393 0.090919 0.853324 -2.307217 0.000000 0.000000 0.000000 1.000000
0.877223 0.194813 0.438779 -26.774576 -0.133492 0.976903 -0.166852 110.616516 -0.461150 0.087793 0.882968 -1.089436 0.000000 0.000000 0.000000 1.000000
0.916319 0.143582 0.373823 -24.317192 -0.099222 0.985807 -0.135427 113.384483 -0.387962 0.087003 0.917560 0.022968 0.000000 0.000000 0.000000 1.000000
0.953155 0.091525 0.288304 -21.901247 -0.059315 0.991174 -0.118559 115.325378 -0.296610 0.095904 0.950171 0.896611 0.000000 0.000000 0.000000 1.000000
0.978899 0.060682 0.195125 -19.027802 -0.037957 0.992269 -0.118162 115.196266 -0.200787 0.108263 0.973634 1.459758 0.000000 0.000000 0.000000 1.000000
0.991459 0.044439 0.122611 -15.788907 -0.028809 0.991558 -0.126425 114.320206 -0.127194 0.121813 0.984369 1.647093 0.000000 0.000000 0.000000 1.000000
0.995297 0.038022 0.089097 -12.486263 -0.025665 0.990384 -0.135946 114.002922 -0.093409 0.133020 0.986702 1.397377 0.000000 0.000000 0.000000 1.000000
0.995275 0.033677 0.091071 -8.956478 -0.020057 0.989003 -0.146532 114.283035 -0.095004 0.144013 0.985005 0.821741 0.000000 0.000000 0.000000 1.000000
0.993728 0.024292 0.109152 -5.180181 -0.006252 0.986662 -0.162661 114.822716 -0.111647 0.160959 0.980626 0.135776 0.000000 0.000000 0.000000 1.000000
0.992931 0.007221 0.118476 -1.522575 0.015005 0.982503 -0.185642 115.383667 -0.117744 0.186107 0.975449 -0.590730 0.000000 0.000000 0.000000 1.000000
0.994977 -0.010359 0.099570 1.679957 0.030997 0.977630 -0.208035 115.380585 -0.095188 0.210077 0.973040 -1.496488 0.000000 0.000000 0.000000 1.000000
0.998074 -0.028615 0.055042 4.399758 0.039914 0.975434 -0.216647 114.133080 -0.047490 0.218427 0.974697 -2.696010 0.000000 0.000000 0.000000 1.000000
0.998477 -0.054303 0.009720 6.804259 0.055145 0.977605 -0.203097 111.459488 0.001526 0.203324 0.979110 -4.141517 0.000000 0.000000 0.000000 1.000000
0.996238 -0.085452 -0.014422 9.150104 0.081715 0.981706 -0.171979 107.923538 0.028854 0.170153 0.984995 -5.582427 0.000000 0.000000 0.000000 1.000000
0.993535 -0.112935 -0.011527 11.441423 0.110270 0.984215 -0.138424 104.771149 0.026978 0.136258 0.990306 -6.587095 0.000000 0.000000 0.000000 1.000000
0.991450 -0.130127 0.009650 13.442679 0.130366 0.984691 -0.115711 102.765450 0.005555 0.115980 0.993236 -7.014748 0.000000 0.000000 0.000000 1.000000
0.989269 -0.141922 0.034701 15.022903 0.144896 0.983491 -0.108400 101.968452 -0.018743 0.112265 0.993502 -7.139762 0.000000 0.000000 0.000000 1.000000
0.986741 -0.151347 0.058626 16.212738 0.157353 0.980590 -0.116974 102.477112 -0.039784 0.124648 0.991403 -7.143329 0.000000 0.000000 0.000000 1.000000
0.983803 -0.159315 0.082157 17.167423 0.169724 0.975348 -0.141033 103.770821 -0.057663 0.152693 0.986590 -7.196059 0.000000 0.000000 0.000000 1.000000
0.981770 -0.159370 0.103586 18.023865 0.175952 0.968150 -0.178118 104.971428 -0.071900 0.193097 0.978542 -7.393233 0.000000 0.000000 0.000000 1.000000
0.983286 -0.139733 0.116715 18.678452 0.162950 0.961372 -0.221836 105.506729 -0.081209 0.237147 0.968073 -7.556549 0.000000 0.000000 0.000000 1.000000
0.987959 -0.096222 0.121157 19.105150 0.125173 0.957359 -0.260376 104.927841 -0.090937 0.272406 0.957875 -7.462610 0.000000 0.000000 0.000000 1.000000
0.989704 -0.050358 0.133977 19.525970 0.086808 0.955437 -0.282141 104.114021 -0.113799 0.290867 0.949972 -7.225012 0.000000 0.000000 0.000000 1.000000
0.985448 -0.011595 0.169579 19.849297 0.060735 0.955827 -0.287586 104.009613 -0.158754 0.293701 0.942622 -6.942742 0.000000 0.000000 0.000000 1.000000
0.976038 0.012958 0.217216 19.890427 0.051017 0.956776 -0.286316 104.608032 -0.211537 0.290537 0.933188 -6.649886 0.000000 0.000000 0.000000 1.000000
0.966923 0.011261 0.254821 19.598293 0.063672 0.956741 -0.283887 105.965706 -0.246995 0.290722 0.924378 -6.243547 0.000000 0.000000 0.000000 1.000000
0.964064 -0.014491 0.265276 19.286016 0.090211 0.957041 -0.275563 107.190155 -0.249887 0.289591 0.923955 -5.605191 0.000000 0.000000 0.000000 1.000000
0.969286 -0.053733 0.239995 19.507689 0.115946 0.960428 -0.253250 107.181694 -0.216889 0.273298 0.937159 -4.909272 0.000000 0.000000 0.000000 1.000000
0.979648 -0.095703 0.176436 20.293024 0.133246 0.967468 -0.215061 105.669922 -0.150114 0.234194 0.960531 -4.353468 0.000000 0.000000 0.000000 1.000000
0.988361 -0.121859 0.091068 20.957651 0.135863 0.976374 -0.168030 103.040070 -0.068441 0.178448 0.981566 -3.947426 0.000000 0.000000 0.000000 1.000000
0.989480 -0.141315 0.030962 21.074146 0.144073 0.981964 -0.122431 100.581009 -0.013103 0.125604 0.991994 -3.627370 0.000000 0.000000 0.000000 1.000000
0.987563 -0.153444 0.034261 20.604977 0.155883 0.984006 -0.086219 99.183159 -0.020483 0.090487 0.995687 -3.022097 0.000000 0.000000 0.000000 1.000000
0.984257 -0.150167 0.093207 19.680744 0.156443 0.985605 -0.064100 99.239952 -0.082239 0.077673 0.993581 -1.991448 0.000000 0.000000 0.000000 1.000000
0.979023 -0.127499 0.158927 18.396957 0.137573 0.989016 -0.054041 100.878609 -0.150291 0.074771 0.985810 -0.708811 0.000000 0.000000 0.000000 1.000000
0.977205 -0.093287 0.190706 16.799608 0.104901 0.993137 -0.051720 103.888840 -0.184572 0.070547 0.980284 0.620194 0.000000 0.000000 0.000000 1.000000
0.979728 -0.051161 0.193689 15.083776 0.062934 0.996494 -0.055121 107.995819 -0.190190 0.066193 0.979513 1.936016 0.000000 0.000000 0.000000 1.000000
0.980265 -0.009226 0.197475 13.410551 0.022318 0.997689 -0.064178 112.387199 -0.196426 0.067318 0.978205 3.123504 0.000000 0.000000 0.000000 1.000000
0.975690 0.026043 0.217601 11.703365 -0.008826 0.996778 -0.079725 115.893738 -0.218976 0.075866 0.972776 4.055170 0.000000 0.000000 0.000000 1.000000
0.969136 0.051307 0.241130 9.707211 -0.027569 0.994524 -0.100805 117.808769 -0.244982 0.091046 0.965243 4.700465 0.000000 0.000000 0.000000 1.000000
0.967002 0.071094 0.244646 7.317390 -0.042409 0.991796 -0.120590 117.993736 -0.251213 0.106236 0.962084 5.084824 0.000000 0.000000 0.000000 1.000000
0.972317 0.090768 0.215317 4.696793 -0.063665 0.989515 -0.129639 117.342499 -0.224827 0.112342 0.967901 5.210776 0.000000 0.000000 0.000000 1.000000
0.982216 0.100964 0.158295 1.633238 -0.081008 0.988482 -0.127829 116.405746 -0.169378 0.112732 0.979083 5.183946 0.000000 0.000000 0.000000 1.000000
0.990641 0.096750 0.096277 -2.026626 -0.084297 0.988451 -0.125933 115.208061 -0.107349 0.116639 0.987356 5.109078 0.000000 0.000000 0.000000 1.000000
0.994726 0.079483 0.064832 -6.149537 -0.070436 0.988805 -0.131541 114.223717 -0.074562 0.126280 0.989188 4.823389 0.000000 0.000000 0.000000 1.000000
0.994753 0.059762 0.083039 -10.440038 -0.047791 0.989091 -0.139337 113.501587 -0.090460 0.134637 0.986757 4.098677 0.000000 0.000000 0.000000 1.000000
0.989050 0.051097 0.138451 -14.453821 -0.031448 0.989572 -0.140565 112.584770 -0.144190 0.134671 0.980343 2.930286 0.000000 0.000000 0.000000 1.000000
0.976898 0.061253 0.204739 -17.567806 -0.033969 0.990370 -0.134212 110.433365 -0.210988 0.124157 0.969572 1.646572 0.000000 0.000000 0.000000 1.000000
0.963282 0.067622 0.259836 -20.147673 -0.035488 0.991340 -0.126431 108.150871 -0.266135 0.112568 0.957340 0.553174 0.000000 0.000000 0.000000 1.000000
0.958212 0.079863 0.274683 -22.102091 -0.047303 0.991255 -0.123191 105.638458 -0.282120 0.105050 0.953610 -0.191580 0.000000 0.000000 0.000000 1.000000
0.965979 0.101468 0.237884 -23.540188 -0.073721 0.989691 -0.122787 103.757973 -0.247891 0.101073 0.963501 -0.831735 0.000000 0.000000 0.000000 1.000000
0.975626 0.134938 0.173050 -24.416229 -0.114793 0.985919 -0.121601 102.756271 -0.187021 0.098773 0.977378 -1.474618 0.000000 0.000000 0.000000 1.000000
0.977366 0.173172 0.121518 -24.824244 -0.158029 0.979509 -0.124854 102.931854 -0.140649 0.102824 0.984706 -1.944634 0.000000 0.000000 0.000000 1.000000
0.973850 0.201473 0.104997 -24.832294 -0.185917 0.972340 -0.141386 104.290749 -0.130578 0.118168 0.984371 -2.054429 0.000000 0.000000 0.000000 1.000000
0.970730 0.210771 0.115143 -24.559656 -0.189466 0.966671 -0.172192 106.066422 -0.147599 0.145336 0.978311 -1.783617 0.000000 0.000000 0.000000 1.000000
0.971424 0.200356 0.127251 -24.442320 -0.171142 0.962746 -0.209357 106.777031 -0.164457 0.181596 0.969524 -1.430741 0.000000 0.000000 0.000000 1.000000
0.975615 0.184222 0.119321 -24.636345 -0.151627 0.958743 -0.240459 106.458298 -0.158696 0.216503 0.963297 -1.384742 0.000000 0.000000 0.000000 1.000000
0.980754 0.172197 0.092033 -25.033089 -0.143910 0.956094 -0.255294 105.817894 -0.131953 0.237136 0.962473 -1.808772 0.000000 0.000000 0.000000 1.000000
0.984591 0.160497 0.069433 -25.385450 -0.138032 0.957058 -0.254924 105.418510 -0.107366 0.241412 0.964465 -2.386540 0.000000 0.000000 0.000000 1.000000
0.985821 0.150839 0.073512 -25.435915 -0.128320 0.959975 -0.248961 105.610603 -0.108123 0.235998 0.965720 -2.938537 0.000000 0.000000 0.000000 1.000000
0.983961 0.150093 0.096403 -25.214727 -0.123429 0.963011 -0.239530 106.529770 -0.128789 0.223789 0.966091 -3.485315 0.000000 0.000000 0.000000 1.000000
0.981246 0.158950 0.109044 -24.811966 -0.128821 0.961575 -0.242444 107.524017 -0.143391 0.223850 0.964018 -3.720926 0.000000 0.000000 0.000000 1.000000
0.978731 0.169746 0.115207 -24.497673 -0.134240 0.954570 -0.266039 107.722221 -0.155132 0.244915 0.957053 -3.736140 0.000000 0.000000 0.000000 1.000000</float_array>
        <technique_common>
          <accessor source="#mixamorig_Hips-Matrix-animation-output-transform-array" count="135" stride="16">
            <param type="float4x4"/>
          </accessor>
        </technique_common>
      </source>
      <source id="mixamorig_Hips-Interpolations">
        <Name_array id="mixamorig_Hips-Interpolations-array" count="135">
 LINEAR LINEAR LINEAR LINEAR LINEAR LINEAR LINEAR LINEAR LINEAR LINEAR LINEAR
LINEAR LINEAR LINEAR LINEAR LINEAR LINEAR LINEAR LINEAR LINEAR LINEAR LINEAR LINEAR
LINEAR LINEAR LINEAR LINEAR LINEAR LINEAR LINEAR LINEAR LINEAR LINEAR LINEAR LINEAR
LINEAR LINEAR LINEAR LINEAR LINEAR LINEAR LINEAR LINEAR LINEAR LINEAR LINEAR LINEAR
LINEAR LINEAR LINEAR LINEAR LINEAR LINEAR LINEAR LINEAR LINEAR LINEAR LINEAR LINEAR
LINEAR LINEAR LINEAR LINEAR LINEAR LINEAR LINEAR LINEAR LINEAR LINEAR LINEAR LINEAR
LINEAR LINEAR LINEAR LINEAR LINEAR LINEAR LINEAR LINEAR LINEAR LINEAR LINEAR LINEAR
LINEAR LINEAR LINEAR LINEAR LINEAR LINEAR LINEAR LINEAR LINEAR LINEAR LINEAR LINEAR
LINEAR LINEAR LINEAR LINEAR LINEAR LINEAR LINEAR LINEAR LINEAR LINEAR LINEAR LINEAR
LINEAR LINEAR LINEAR LINEAR LINEAR LINEAR LINEAR LINEAR LINEAR LINEAR LINEAR LINEAR
LINEAR LINEAR LINEAR LINEAR LINEAR LINEAR LINEAR LINEAR LINEAR LINEAR LINEAR LINEAR
LINEAR LINEAR LINEAR LINEAR</Name_array>
        <technique_common>
          <accessor source="#mixamorig_Hips-Interpolations-array" count="135">
            <param type="name"/>
          </accessor>
        </technique_common>
      </source>
      <sampler id="mixamorig_Hips-Matrix-animation-transform">
        <input semantic="INPUT" source="#mixamorig_Hips-Matrix-animation-input"/>
        <input semantic="OUTPUT" source="#mixamorig_Hips-Matrix-animation-output-transform"/>
        <input semantic="INTERPOLATION" source="#mixamorig_Hips-Interpolations"/>
      </sampler>
      <channel source="#mixamorig_Hips-Matrix-animation-transform" target="mixamorig_Hips/matrix"/>
    </animation>
    <animation id="mixamorig_Spine-anim" name="mixamorig_Spine">
      <source id="mixamorig_Spine-Matrix-animation-input">
        <float_array id="mixamorig_Spine-Matrix-animation-input-array" count="135">

0.000000 0.033333 0.066667 0.100000 0.133333 0.166667 0.200000 0.233333 0.266667 0.300000 0.333333 0.366667 0.400000 0.433333 0.466667 0.500000
0.533333 0.566667 0.600000 0.633333 0.666667 0.700000 0.733333 0.766667 0.800000 0.833333 0.866667 0.900000 0.933333 0.966667 1.000000 1.033333
1.066667 1.100000 1.133333 1.166667 1.200000 1.233333 1.266667 1.300000 1.333333 1.366667 1.400000 1.433333 1.466667 1.500000 1.533333 1.566667
1.600000 1.633333 1.666667 1.700000 1.733333 1.766667 1.800000 1.833333 1.866667 1.900000 1.933333 1.966667 2.000000 2.033333 2.066667 2.100000
2.133333 2.166667 2.200000 2.233333 2.266667 2.300000 2.333333 2.366667 2.400000 2.433333 2.466667 2.500000 2.533333 2.566667 2.600000 2.633333
2.666667 2.700000 2.733333 2.766667 2.800000 2.833333 2.866667 2.900000 2.933333 2.966667 3.000000 3.033333 3.066667 3.100000 3.133333 3.166667
3.200000 3.233333 3.266667 3.300000 3.333333 3.366667 3.400000 3.433333 3.466667 3.500000 3.533333 3.566667 3.600000 3.633333 3.666667 3.700000
3.733333 3.766667 3.800000 3.833333 3.866667 3.900000 3.933333 3.966667 4.000000 4.033333 4.066667 4.100000 4.133333 4.166667 4.200000 4.233333
4.266667 4.300000 4.333333 4.366667 4.400000 4.433333 4.466667</float_array>
        <technique_common>
          <accessor source="#mixamorig_Spine-Matrix-animation-input-array" count="135">
            <param name="TIME" type="float"/>
          </accessor>
        </technique_common>
      </source>
      <source id="mixamorig_Spine-Matrix-animation-output-transform">
        <float_array id="mixamorig_Spine-Matrix-animation-output-transform-array" count="2160">

0.994866 -0.073958 -0.069084 0.072000 0.080144 0.992571 0.091536 7.257300 0.061801 -0.096603 0.993402 -0.789700 0.000000 0.000000 0.000000 1.000000
0.993460 -0.082129 -0.079323 0.072000 0.090019 0.990741 0.101632 7.257300 0.070242 -0.108108 0.991655 -0.789700 0.000000 0.000000 0.000000 1.000000
0.991670 -0.091665 -0.090483 0.072000 0.100790 0.989661 0.102042 7.257300 0.080194 -0.110312 0.990656 -0.789700 0.000000 0.000000 0.000000 1.000000
0.991348 -0.089806 -0.095729 0.072000 0.098551 0.990970 0.090920 7.257300 0.086699 -0.099568 0.991246 -0.789700 0.000000 0.000000 0.000000 1.000000
0.992855 -0.083006 -0.085721 0.072000 0.089733 0.992918 0.077859 7.257300 0.078651 -0.084995 0.993272 -0.789700 0.000000 0.000000 0.000000 1.000000
0.995820 -0.061784 -0.067276 0.072000 0.066535 0.995266 0.070839 7.257300 0.062581 -0.075019 0.995216 -0.789700 0.000000 0.000000 0.000000 1.000000
0.998125 -0.033056 -0.051518 0.072000 0.036751 0.996690 0.072516 7.257300 0.048951 -0.074274 0.996036 -0.789700 0.000000 0.000000 0.000000 1.000000
0.999181 -0.008897 -0.039462 0.072000 0.011942 0.996913 0.077597 7.257300 0.038649 -0.078005 0.996204 -0.789700 0.000000 0.000000 0.000000 1.000000
0.999728 0.006311 -0.022463 0.072000 -0.004416 0.996506 0.083400 7.257300 0.022911 -0.083278 0.996263 -0.789700 0.000000 0.000000 0.000000 1.000000
0.999912 0.013256 0.000865 0.072000 -0.013280 0.995862 0.089900 7.257300 0.000331 -0.089904 0.995950 -0.789700 0.000000 0.000000 0.000000 1.000000
0.999661 0.016038 0.020532 0.072000 -0.017928 0.995277 0.095411 7.257300 -0.018905 -0.095747 0.995226 -0.789700 0.000000 0.000000 0.000000 1.000000
0.999353 0.021198 0.029045 0.072000 -0.023974 0.994815 0.098836 7.257300 -0.026799 -0.099469 0.994680 -0.789700 0.000000 0.000000 0.000000 1.000000
0.999264 0.024542 0.029482 0.072000 -0.027415 0.994471 0.101369 7.257300 -0.026831 -0.102102 0.994412 -0.789700 0.000000 0.000000 0.000000 1.000000
0.999328 0.023336 0.028265 0.072000 -0.026125 0.994373 0.102666 7.257300 -0.025710 -0.103335 0.994314 -0.789700 0.000000 0.000000 0.000000 1.000000
0.999473 0.014013 0.029266 0.072000 -0.016983 0.994449 0.103843 7.257300 -0.027648 -0.104285 0.994163 -0.789700 0.000000 0.000000 0.000000 1.000000
0.999509 0.006430 0.030650 0.072000 -0.009650 0.994310 0.106091 7.257300 -0.029793 -0.106334 0.993884 -0.789700 0.000000 0.000000 0.000000 1.000000
0.999493 -0.002858 0.031709 0.072000 -0.000522 0.994360 0.106059 7.257300 -0.031833 -0.106021 0.993854 -0.789700 0.000000 0.000000 0.000000 1.000000
0.999435 -0.003925 0.033394 0.072000 0.000568 0.994992 0.099949 7.257300 -0.033619 -0.099874 0.994432 -0.789700 0.000000 0.000000 0.000000 1.000000
0.999254 0.015625 0.035315 0.072000 -0.018695 0.995914 0.088350 7.257300 -0.033790 -0.088944 0.995463 -0.789700 0.000000 0.000000 0.000000 1.000000
0.998440 0.042093 0.036691 0.072000 -0.044759 0.996167 0.075150 7.257300 -0.033387 -0.076675 0.996497 -0.789700 0.000000 0.000000 0.000000 1.000000
0.997251 0.063678 0.037886 0.072000 -0.065954 0.995882 0.062202 7.257300 -0.033769 -0.064529 0.997344 -0.789700 0.000000 0.000000 0.000000 1.000000
0.996083 0.078197 0.041268 0.072000 -0.080158 0.995615 0.048230 7.257300 -0.037316 -0.051349 0.997983 -0.789700 0.000000 0.000000 0.000000 1.000000
0.994565 0.092102 0.048558 0.072000 -0.093800 0.995013 0.033931 7.257300 -0.045191 -0.038302 0.998244 -0.789700 0.000000 0.000000 0.000000 1.000000
0.992754 0.104932 0.058550 0.072000 -0.106592 0.993964 0.025976 7.257300 -0.055471 -0.032029 0.997946 -0.789700 0.000000 0.000000 0.000000 1.000000
0.990940 0.114914 0.069522 0.072000 -0.117146 0.992694 0.028916 7.257300 -0.065691 -0.036798 0.997161 -0.789700 0.000000 0.000000 0.000000 1.000000
0.989641 0.117659 0.082260 0.072000 -0.121270 0.991799 0.040363 7.257300 -0.076836 -0.049920 0.995793 -0.789700 0.000000 0.000000 0.000000 1.000000
0.988611 0.115049 0.097011 0.072000 -0.120689 0.991198 0.054412 7.257300 -0.089897 -0.065501 0.993795 -0.789700 0.000000 0.000000 0.000000 1.000000
0.988009 0.105649 0.112589 0.072000 -0.113585 0.991297 0.066549 7.257300 -0.104578 -0.078539 0.991411 -0.789700 0.000000 0.000000 0.000000 1.000000
0.987532 0.095323 0.125276 0.072000 -0.105237 0.991611 0.075047 7.257300 -0.117072 -0.087296 0.989279 -0.789700 0.000000 0.000000 0.000000 1.000000
0.987660 0.085759 0.131048 0.072000 -0.096904 0.991978 0.081171 7.257300 -0.123035 -0.092869 0.988047 -0.789700 0.000000 0.000000 0.000000 1.000000
0.988168 0.082371 0.129380 0.072000 -0.093833 0.991941 0.085137 7.257300 -0.121325 -0.096269 0.987933 -0.789700 0.000000 0.000000 0.000000 1.000000
0.989125 0.081477 0.122446 0.072000 -0.092528 0.991863 0.087445 7.257300 -0.114325 -0.097823 0.988615 -0.789700 0.000000 0.000000 0.000000 1.000000
0.989948 0.089124 0.109817 0.072000 -0.098953 0.991232 0.087569 7.257300 -0.101049 -0.097555 0.990087 -0.789700 0.000000 0.000000 0.000000 1.000000
0.990607 0.099799 0.093482 0.072000 -0.108007 0.990310 0.087299 7.257300 -0.083864 -0.096576 0.991786 -0.789700 0.000000 0.000000 0.000000 1.000000
0.990308 0.110742 0.083827 0.072000 -0.117885 0.989325 0.085675 7.257300 -0.073445 -0.094726 0.992790 -0.789700 0.000000 0.000000 0.000000 1.000000
0.988428 0.120452 0.092206 0.072000 -0.127906 0.988578 0.079710 7.257300 -0.081552 -0.090581 0.992544 -0.789700 0.000000 0.000000 0.000000 1.000000
0.985725 0.124113 0.113760 0.072000 -0.132602 0.988670 0.070341 7.257300 -0.103741 -0.084421 0.991015 -0.789700 0.000000 0.000000 0.000000 1.000000
0.983868 0.122911 0.129988 0.072000 -0.131408 0.989576 0.058915 7.257300 -0.121391 -0.075046 0.989764 -0.789700 0.000000 0.000000 0.000000 1.000000
0.985569 0.111726 0.127165 0.072000 -0.118892 0.991637 0.050210 7.257300 -0.120492 -0.064604 0.990610 -0.789700 0.000000 0.000000 0.000000 1.000000
0.989499 0.094626 0.109263 0.072000 -0.100499 0.993703 0.049542 7.257300 -0.103887 -0.060003 0.992778 -0.789700 0.000000 0.000000 0.000000 1.000000
0.993239 0.078337 0.085668 0.072000 -0.083541 0.994760 0.058945 7.257300 -0.080601 -0.065703 0.994579 -0.789700 0.000000 0.000000 0.000000 1.000000
0.995804 0.067147 0.062173 0.072000 -0.071781 0.994553 0.075572 7.257300 -0.056760 -0.079718 0.995200 -0.789700 0.000000 0.000000 0.000000 1.000000
0.997369 0.060342 0.040172 0.072000 -0.063795 0.993797 0.091096 7.257300 -0.034426 -0.093419 0.995032 -0.789700 0.000000 0.000000 0.000000 1.000000
0.998478 0.051041 0.020907 0.072000 -0.052890 0.993541 0.100391 7.257300 -0.015648 -0.101344 0.994728 -0.789700 0.000000 0.000000 0.000000 1.000000
0.999067 0.042648 0.006830 0.072000 -0.043129 0.993561 0.104772 7.257300 -0.002318 -0.104968 0.994473 -0.789700 0.000000 0.000000 0.000000 1.000000
0.999387 0.034990 -0.000825 0.072000 -0.034697 0.993550 0.107955 7.257300 0.004597 -0.107860 0.994155 -0.789700 0.000000 0.000000 0.000000 1.000000
0.999609 0.027728 -0.003576 0.072000 -0.027162 0.993481 0.110713 7.257300 0.006623 -0.110573 0.993846 -0.789700 0.000000 0.000000 0.000000 1.000000
0.999561 0.029274 -0.004623 0.072000 -0.028577 0.993361 0.111434 7.257300 0.007854 -0.111253 0.993761 -0.789700 0.000000 0.000000 0.000000 1.000000
0.999401 0.034106 -0.005811 0.072000 -0.033273 0.993509 0.108775 7.257300 0.009484 -0.108517 0.994049 -0.789700 0.000000 0.000000 0.000000 1.000000
0.999089 0.041901 -0.008101 0.072000 -0.040864 0.993989 0.101563 7.257300 0.012308 -0.101140 0.994796 -0.789700 0.000000 0.000000 0.000000 1.000000
0.998499 0.053295 -0.012620 0.072000 -0.051967 0.994680 0.088942 7.257300 0.017293 -0.088152 0.995957 -0.789700 0.000000 0.000000 0.000000 1.000000
0.997689 0.064825 -0.020346 0.072000 -0.063209 0.995403 0.071956 7.257300 0.024917 -0.070504 0.997200 -0.789700 0.000000 0.000000 0.000000 1.000000
0.997363 0.066147 -0.029864 0.072000 -0.064396 0.996341 0.056201 7.257300 0.033472 -0.054129 0.997973 -0.789700 0.000000 0.000000 0.000000 1.000000
0.998082 0.048393 -0.038609 0.072000 -0.046510 0.997752 0.048257 7.257300 0.040858 -0.046369 0.998088 -0.789700 0.000000 0.000000 0.000000 1.000000
0.998824 0.015968 -0.045783 0.072000 -0.013749 0.998735 0.048360 7.257300 0.046497 -0.047673 0.997780 -0.789700 0.000000 0.000000 0.000000 1.000000
0.998533 -0.022018 -0.049469 0.072000 0.024548 0.998391 0.051123 7.257300 0.048263 -0.052263 0.997466 -0.789700 0.000000 0.000000 0.000000 1.000000
0.997155 -0.054665 -0.051891 0.072000 0.057384 0.996975 0.052428 7.257300 0.048868 -0.055256 0.997276 -0.789700 0.000000 0.000000 0.000000 1.000000
0.995369 -0.079026 -0.054736 0.072000 0.081922 0.995237 0.052849 7.257300 0.050299 -0.057089 0.997101 -0.789700 0.000000 0.000000 0.000000 1.000000
0.993654 -0.096990 -0.056965 0.072000 0.100177 0.993390 0.056045 7.257300 0.051153 -0.061396 0.996802 -0.789700 0.000000 0.000000 0.000000 1.000000
0.992273 -0.109288 -0.058738 0.072000 0.113029 0.991484 0.064678 7.257300 0.051169 -0.070817 0.996176 -0.789700 0.000000 0.000000 0.000000 1.000000
0.991961 -0.110874 -0.060998 0.072000 0.115440 0.990306 0.077252 7.257300 0.051842 -0.083673 0.995144 -0.789700 0.000000 0.000000 0.000000 1.000000
0.991796 -0.112898 -0.059959 0.072000 0.118133 0.988686 0.092441 7.257300 0.048844 -0.098766 0.993911 -0.789700 0.000000 0.000000 0.000000 1.000000
0.992345 -0.111976 -0.052078 0.072000 0.116981 0.987480 0.105824 7.257300 0.039576 -0.111106 0.993020 -0.789700 0.000000 0.000000 0.000000 1.000000
0.994855 -0.092221 -0.041936 0.072000 0.096417 0.988961 0.112518 7.257300 0.031097 -0.115982 0.992764 -0.789700 0.000000 0.000000 0.000000 1.000000
0.996538 -0.075623 -0.034554 0.072000 0.079023 0.990688 0.110871 7.257300 0.025848 -0.113218 0.993234 -0.789700 0.000000 0.000000 0.000000 1.000000
0.996769 -0.072385 -0.034805 0.072000 0.075693 0.991517 0.105659 7.257300 0.026861 -0.107952 0.993793 -0.789700 0.000000 0.000000 0.000000 1.000000
0.996306 -0.075228 -0.041413 0.072000 0.079040 0.991866 0.099775 7.257300 0.033570 -0.102679 0.994148 -0.789700 0.000000 0.000000 0.000000 1.000000
0.996290 -0.071090 -0.048494 0.072000 0.075382 0.992778 0.093320 7.257300 0.041510 -0.096629 0.994455 -0.789700 0.000000 0.000000 0.000000 1.000000
0.995202 -0.081873 -0.053565 0.072000 0.086250 0.992617 0.085272 7.257300 0.046188 -0.089483 0.994917 -0.789700 0.000000 0.000000 0.000000 1.000000
0.994545 -0.084431 -0.061254 0.072000 0.089062 0.993022 0.077301 7.257300 0.054300 -0.082335 0.995124 -0.789700 0.000000 0.000000 0.000000 1.000000
0.993984 -0.082744 -0.071753 0.072000 0.087723 0.993735 0.069256 7.257300 0.065573 -0.075133 0.995015 -0.789700 0.000000 0.000000 0.000000 1.000000
0.994317 -0.073733 -0.076797 0.072000 0.078726 0.994830 0.064151 7.257300 0.071670 -0.069832 0.994981 -0.789700 0.000000 0.000000 0.000000 1.000000
0.995787 -0.054602 -0.073667 0.072000 0.059449 0.996093 0.065302 7.257300 0.069814 -0.069406 0.995143 -0.789700 0.000000 0.000000 0.000000 1.000000
0.997356 -0.033171 -0.064665 0.072000 0.037842 0.996658 0.072395 7.257300 0.062048 -0.074650 0.995278 -0.789700 0.000000 0.000000 0.000000 1.000000
0.998560 -0.019677 -0.049913 0.072000 0.023722 0.996368 0.081781 7.257300 0.048122 -0.082847 0.995400 -0.789700 0.000000 0.000000 0.000000 1.000000
0.999499 -0.014389 -0.028208 0.072000 0.016923 0.995638 0.091751 7.257300 0.026765 -0.092182 0.995382 -0.789700 0.000000 0.000000 0.000000 1.000000
0.999963 -0.008602 -0.000717 0.072000 0.008630 0.994728 0.102182 7.257300 -0.000165 -0.102185 0.994765 -0.789700 0.000000 0.000000 0.000000 1.000000
0.999502 -0.018976 0.025193 0.072000 0.016066 0.993687 0.111034 7.257300 -0.027141 -0.110574 0.993497 -0.789700 0.000000 0.000000 0.000000 1.000000
0.998836 -0.027744 0.039469 0.072000 0.023001 0.992990 0.115941 7.257300 -0.042409 -0.114898 0.992472 -0.789700 0.000000 0.000000 0.000000 1.000000
0.998815 -0.026500 0.040821 0.072000 0.021598 0.992995 0.116164 7.257300 -0.043614 -0.115145 0.992391 -0.789700 0.000000 0.000000 0.000000 1.000000
0.999029 -0.025480 0.035953 0.072000 0.021226 0.993241 0.114110 7.257300 -0.038618 -0.113236 0.992817 -0.789700 0.000000 0.000000 0.000000 1.000000
0.999073 -0.028730 0.032062 0.072000 0.024956 0.993339 0.112490 7.257300 -0.035080 -0.111586 0.993135 -0.789700 0.000000 0.000000 0.000000 1.000000
0.999109 -0.028216 0.031370 0.072000 0.024544 0.993425 0.111825 7.257300 -0.034319 -0.110955 0.993233 -0.789700 0.000000 0.000000 0.000000 1.000000
0.999139 -0.025230 0.032935 0.072000 0.021485 0.993756 0.109489 7.257300 -0.035491 -0.108687 0.993442 -0.789700 0.000000 0.000000 0.000000 1.000000
0.999230 -0.015254 0.036156 0.072000 0.011537 0.994834 0.100856 7.257300 -0.037508 -0.100361 0.994244 -0.789700 0.000000 0.000000 0.000000 1.000000
0.999129 0.009645 0.040593 0.072000 -0.013080 0.996276 0.085226 7.257300 -0.039620 -0.085683 0.995534 -0.789700 0.000000 0.000000 0.000000 1.000000
0.998010 0.042380 0.046682 0.072000 -0.045485 0.996675 0.067598 7.257300 -0.043662 -0.069587 0.996620 -0.789700 0.000000 0.000000 0.000000 1.000000
0.996177 0.069030 0.053533 0.072000 -0.071927 0.995935 0.054213 7.257300 -0.049573 -0.057856 0.997093 -0.789700 0.000000 0.000000 0.000000 1.000000
0.994383 0.086352 0.061199 0.072000 -0.089294 0.994892 0.047088 7.257300 -0.056820 -0.052288 0.997014 -0.789700 0.000000 0.000000 0.000000 1.000000
0.992211 0.102222 0.071196 0.072000 -0.105494 0.993454 0.043812 7.257300 -0.066251 -0.050981 0.996500 -0.789700 0.000000 0.000000 0.000000 1.000000
0.990099 0.114662 0.080976 0.072000 -0.118510 0.991959 0.044410 7.257300 -0.075233 -0.053567 0.995726 -0.789700 0.000000 0.000000 0.000000 1.000000
