<?xml version="1.0" encoding="utf-8"?>
<COLLADA xmlns="http://www.collada.org/2005/11/COLLADASchema" version="1.4.1">
  <asset>
    <contributor>
      <author>Mixamo</author>
      <authoring_tool>COLLADA Mixamo exporter</authoring_tool>
      <comments/>
    </contributor>
    <created>2024-03-08T00:04:48Z</created>
    <modified>2024-03-08T00:04:48Z</modified>
    <revision/>
    <title/>
    <unit meter="0.010000"/>
    <up_axis>Y_UP</up_axis>
  </asset>
  <library_animations>
    <animation id="mixamorig_Hips-anim" name="mixamorig_Hips">
      <source id="mixamorig_Hips-Matrix-animation-input">
        <float_array id="mixamorig_Hips-Matrix-animation-input-array" count="32">

0.000000 0.033333 0.066667 0.100000 0.133333 0.166667 0.200000 0.233333 0.266667 0.300000 0.333333 0.366667 0.400000 0.433333 0.466667 0.500000
0.533333 0.566667 0.600000 0.633333 0.666667 0.700000 0.733333 0.766667 0.800000 0.833333 0.866667 0.900000 0.933333 0.966667 1.000000 1.033333</float_array>
        <technique_common>
          <accessor source="#mixamorig_Hips-Matrix-animation-input-array" count="32">
            <param name="TIME" type="float"/>
          </accessor>
        </technique_common>
      </source>
      <source id="mixamorig_Hips-Matrix-animation-output-transform">
        <float_array id="mixamorig_Hips-Matrix-animation-output-transform-array" count="512">

0.400463 0.149148 0.904093 0.504017 -0.075621 0.988678 -0.129606 110.661743 -0.913187 -0.016466 0.407207 0.280091 0.000000 0.000000 0.000000 1.000000
0.404833 0.139656 0.903663 0.249664 -0.046376 0.990132 -0.132244 112.357376 -0.913214 0.011628 0.407315 0.894716 0.000000 0.000000 0.000000 1.000000
0.412403 0.136855 0.900663 -0.267868 -0.029825 0.990150 -0.136796 113.678825 -0.910513 0.029553 0.412422 1.397998 0.000000 0.000000 0.000000 1.000000
0.422325 0.139257 0.895684 -1.018565 -0.026603 0.989607 -0.141316 114.424988 -0.906054 0.035854 0.421640 1.770040 0.000000 0.000000 0.000000 1.000000
0.440617 0.145514 0.885823 -1.730032 -0.038817 0.988940 -0.143145 113.984634 -0.896856 0.028687 0.441392 2.040322 0.000000 0.000000 0.000000 1.000000
0.467282 0.152592 0.870840 -1.604700 -0.068206 0.988279 -0.136572 112.002251 -0.881473 0.004421 0.472213 2.185399 0.000000 0.000000 0.000000 1.000000
0.484795 0.153246 0.861098 -1.807450 -0.081054 0.988166 -0.130226 110.040154 -0.870864 -0.006663 0.491479 2.320009 0.000000 0.000000 0.000000 1.000000
0.490058 0.144898 0.859563 -2.051973 -0.071185 0.989446 -0.126208 108.112015 -0.868778 0.000662 0.495201 2.335706 0.000000 0.000000 0.000000 1.000000
0.492539 0.125322 0.861220 -0.888924 -0.053279 0.992064 -0.113891 106.291435 -0.868658 0.010210 0.495307 2.098390 0.000000 0.000000 0.000000 1.000000
0.491916 0.108759 0.863823 0.276608 -0.033194 0.993789 -0.106219 105.330093 -0.870010 0.023577 0.492471 1.626619 0.000000 0.000000 0.000000 1.000000
0.492210 0.104379 0.864196 0.648704 -0.015226 0.993665 -0.111345 102.879639 -0.870343 0.041647 0.490681 1.224987 0.000000 0.000000 0.000000 1.000000
0.495586 0.085674 0.864323 -0.173889 0.019671 0.993761 -0.109783 101.667656 -0.868336 0.071410 0.490808 1.029395 0.000000 0.000000 0.000000 1.000000
0.502583 0.061698 0.862325 -0.995222 0.054911 0.993158 -0.103063 101.840530 -0.862784 0.099149 0.495756 0.925166 0.000000 0.000000 0.000000 1.000000
0.489431 0.052732 0.870446 -1.174144 0.067886 0.992837 -0.098317 103.450478 -0.869396 0.107210 0.482346 0.813895 0.000000 0.000000 0.000000 1.000000
0.461549 0.048896 0.885766 -0.815198 0.071169 0.993221 -0.091912 105.764664 -0.884256 0.105461 0.454940 0.803341 0.000000 0.000000 0.000000 1.000000
0.438668 0.046282 0.897457 -0.173859 0.069474 0.993937 -0.085216 108.245522 -0.895960 0.099731 0.432793 0.883357 0.000000 0.000000 0.000000 1.000000
0.417171 0.051343 0.907377 0.495126 0.055689 0.995083 -0.081909 110.612816 -0.907120 0.084701 0.412260 0.985739 0.000000 0.000000 0.000000 1.000000
0.386762 0.066610 0.919771 0.992133 0.032585 0.995778 -0.085816 112.271950 -0.921604 0.063161 0.382958 1.171656 0.000000 0.000000 0.000000 1.000000
0.349731 0.084236 0.933055 1.145761 0.015182 0.995309 -0.095547 113.210861 -0.936727 0.047582 0.346812 1.422316 0.000000 0.000000 0.000000 1.000000
0.301065 0.096657 0.948692 0.774702 0.003973 0.994714 -0.102607 113.460411 -0.953595 0.034661 0.299090 1.587138 0.000000 0.000000 0.000000 1.000000
0.226704 0.098530 0.968967 0.668270 0.010926 0.994550 -0.103688 111.907951 -0.973902 0.034093 0.224392 1.712950 0.000000 0.000000 0.000000 1.000000
0.149095 0.095113 0.984238 1.171537 0.035730 0.994195 -0.101487 109.489525 -0.988177 0.050298 0.144831 1.827785 0.000000 0.000000 0.000000 1.000000
0.097409 0.095245 0.990676 1.681701 0.053266 0.993485 -0.100752 107.138741 -0.993818 0.062583 0.091701 1.781777 0.000000 0.000000 0.000000 1.000000
0.089988 0.100549 0.990854 2.365372 0.046725 0.993369 -0.105048 105.260918 -0.994846 0.055750 0.084693 1.622907 0.000000 0.000000 0.000000 1.000000
0.115352 0.105900 0.987663 3.531036 0.026186 0.993631 -0.109598 104.601379 -0.992979 0.038505 0.111845 1.572672 0.000000 0.000000 0.000000 1.000000
0.164690 0.114759 0.979647 4.184251 -0.015723 0.993388 -0.113726 104.089462 -0.986220 0.003326 0.165406 1.383347 0.000000 0.000000 0.000000 1.000000
0.214813 0.127412 0.968309 2.996842 -0.071343 0.990852 -0.114552 103.201401 -0.974046 -0.044475 0.221938 1.098580 0.000000 0.000000 0.000000 1.000000
0.263966 0.139739 0.954356 1.389046 -0.113081 0.987110 -0.113258 103.205948 -0.957880 -0.078023 0.276365 0.977314 0.000000 0.000000 0.000000 1.000000
0.307131 0.148664 0.939984 0.552825 -0.134712 0.984569 -0.111699 104.427483 -0.942084 -0.092321 0.322419 0.831899 0.000000 0.000000 0.000000 1.000000
0.346924 0.148827 0.926010 0.368823 -0.121007 0.986180 -0.113163 106.285782 -0.930054 -0.072795 0.360139 0.581315 0.000000 0.000000 0.000000 1.000000
0.381614 0.148209 0.912362 0.440283 -0.099221 0.987926 -0.118983 108.420731 -0.918981 -0.045120 0.391712 0.345124 0.000000 0.000000 0.000000 1.000000
0.400463 0.149148 0.904093 0.504008 -0.075621 0.988678 -0.129606 110.661728 -0.913187 -0.016466 0.407207 0.280097 0.000000 0.000000 0.000000 1.000000</float_array>
        <technique_common>
          <accessor source="#mixamorig_Hips-Matrix-animation-output-transform-array" count="32" stride="16">
            <param type="float4x4"/>
          </accessor>
        </technique_common>
      </source>
      <source id="mixamorig_Hips-Interpolations">
        <Name_array id="mixamorig_Hips-Interpolations-array" count="32">
 LINEAR LINEAR LINEAR LINEAR LINEAR LINEAR LINEAR LINEAR LINEAR LINEAR LINEAR
LINEAR LINEAR LINEAR LINEAR LINEAR LINEAR LINEAR LINEAR LINEAR LINEAR LINEAR LINEAR
LINEAR LINEAR LINEAR LINEAR LINEAR LINEAR LINEAR LINEAR LINEAR</Name_array>
        <technique_common>
          <accessor source="#mixamorig_Hips-Interpolations-array" count="32">
            <param type="name"/>
          </accessor>
        </technique_common>
      </source>
      <sampler id="mixamorig_Hips-Matrix-animation-transform">
        <input semantic="INPUT" source="#mixamorig_Hips-Matrix-animation-input"/>
        <input semantic="OUTPUT" source="#mixamorig_Hips-Matrix-animation-output-transform"/>
        <input semantic="INTERPOLATION" source="#mixamorig_Hips-Interpolations"/>
      </sampler>
      <channel source="#mixamorig_Hips-Matrix-animation-transform" target="mixamorig_Hips/matrix"/>
    </animation>
    <animation id="mixamorig_Spine-anim" name="mixamorig_Spine">
      <source id="mixamorig_Spine-Matrix-animation-input">
        <float_array id="mixamorig_Spine-Matrix-animation-input-array" count="32">

0.000000 0.033333 0.066667 0.100000 0.133333 0.166667 0.200000 0.233333 0.266667 0.300000 0.333333 0.366667 0.400000 0.433333 0.466667 0.500000
0.533333 0.566667 0.600000 0.633333 0.666667 0.700000 0.733333 0.766667 0.800000 0.833333 0.866667 0.900000 0.933333 0.966667 1.000000 1.033333</float_array>
        <technique_common>
          <accessor source="#mixamorig_Spine-Matrix-animation-input-array" count="32">
            <param name="TIME" type="float"/>
          </accessor>
        </technique_common>
      </source>
      <source id="mixamorig_Spine-Matrix-animation-output-transform">
        <float_array id="mixamorig_Spine-Matrix-animation-output-transform-array" count="512">

0.989280 -0.063873 -0.131320 0.072000 0.062269 0.997927 -0.016284 7.257300 0.132088 0.007932 0.991206 -0.789700 0.000000 0.000000 0.000000 1.000000
0.992232 -0.028160 -0.121169 0.072000 0.026953 0.999570 -0.011589 7.257300 0.121443 0.008233 0.992564 -0.789700 0.000000 0.000000 0.000000 1.000000
0.994119 -0.007612 -0.108028 0.072000 0.006744 0.999942 -0.008392 7.257300 0.108086 0.007614 0.994112 -0.789700 0.000000 0.000000 0.000000 1.000000
0.995773 -0.003743 -0.091774 0.072000 0.003254 0.999980 -0.005483 7.257300 0.091793 0.005161 0.995765 -0.789700 0.000000 0.000000 0.000000 1.000000
0.997548 -0.015654 -0.068209 0.072000 0.015592 0.999877 -0.001445 7.257300 0.068224 0.000378 0.997670 -0.789700 0.000000 0.000000 0.000000 1.000000
0.998403 -0.039185 -0.040703 0.072000 0.039221 0.999231 0.000102 7.257300 0.040668 -0.001698 0.999171 -0.789700 0.000000 0.000000 0.000000 1.000000
0.998894 -0.039303 -0.025817 0.072000 0.039256 0.999226 -0.002328 7.257300 0.025888 0.001312 0.999664 -0.789700 0.000000 0.000000 0.000000 1.000000
0.999637 -0.017008 -0.020901 0.072000 0.016891 0.999841 -0.005771 7.257300 0.020996 0.005416 0.999765 -0.789700 0.000000 0.000000 0.000000 1.000000
0.999783 0.003520 -0.020516 0.072000 -0.003701 0.999955 -0.008776 7.257300 0.020484 0.008850 0.999751 -0.789700 0.000000 0.000000 0.000000 1.000000
0.999440 0.015275 -0.029786 0.072000 -0.015362 0.999878 -0.002677 7.257300 0.029741 0.003133 0.999553 -0.789700 0.000000 0.000000 0.000000 1.000000
0.998954 0.031298 -0.033339 0.072000 -0.031190 0.999506 0.003757 7.257300 0.033441 -0.002713 0.999437 -0.789700 0.000000 0.000000 0.000000 1.000000
0.997454 0.061706 -0.035760 0.072000 -0.061676 0.998094 0.001946 7.257300 0.035812 0.000264 0.999359 -0.789700 0.000000 0.000000 0.000000 1.000000
0.995022 0.090137 -0.042500 0.072000 -0.090257 0.995918 -0.000914 7.257300 0.042244 0.004745 0.999096 -0.789700 0.000000 0.000000 0.000000 1.000000
0.993626 0.093138 -0.063498 0.072000 -0.093360 0.995632 -0.000533 7.257300 0.063171 0.006457 0.997982 -0.789700 0.000000 0.000000 0.000000 1.000000
0.992446 0.085034 -0.088427 0.072000 -0.085390 0.996348 -0.000250 7.257300 0.088082 0.007799 0.996083 -0.789700 0.000000 0.000000 0.000000 1.000000
0.991561 0.074723 -0.105937 0.072000 -0.075208 0.997168 -0.000587 7.257300 0.105594 0.008549 0.994373 -0.789700 0.000000 0.000000 0.000000 1.000000
0.991053 0.055083 -0.121571 0.072000 -0.055748 0.998443 -0.002077 7.257300 0.121268 0.008836 0.992581 -0.789700 0.000000 0.000000 0.000000 1.000000
0.989159 0.027536 -0.144242 0.072000 -0.028194 0.999599 -0.002515 7.257300 0.144115 0.006554 0.989539 -0.789700 0.000000 0.000000 0.000000 1.000000
0.984614 0.008078 -0.174554 0.072000 -0.008085 0.999967 0.000669 7.257300 0.174554 0.000753 0.984647 -0.789700 0.000000 0.000000 0.000000 1.000000
0.976702 -0.006879 -0.214492 0.072000 0.007551 0.999969 0.002316 7.257300 0.214469 -0.003882 0.976723 -0.789700 0.000000 0.000000 0.000000 1.000000
0.961660 -0.011165 -0.274015 0.072000 0.013539 0.999885 0.006774 7.257300 0.273908 -0.010224 0.961701 -0.789700 0.000000 0.000000 0.000000 1.000000
0.943504 -0.000021 -0.331360 0.072000 0.004077 0.999925 0.011546 7.257300 0.331335 -0.012245 0.943434 -0.789700 0.000000 0.000000 0.000000 1.000000
0.929307 0.006038 -0.369259 0.072000 -0.002922 0.999955 0.008997 7.257300 0.369297 -0.007282 0.929283 -0.789700 0.000000 0.000000 0.000000 1.000000
0.926275 -0.005673 -0.376806 0.072000 0.009373 0.999924 0.007986 7.257300 0.376732 -0.010929 0.926258 -0.789700 0.000000 0.000000 0.000000 1.000000
0.930592 -0.024861 -0.365212 0.072000 0.029492 0.999540 0.007106 7.257300 0.364867 -0.017383 0.930897 -0.789700 0.000000 0.000000 0.000000 1.000000
0.936606 -0.065464 -0.344214 0.072000 0.067812 0.997684 -0.005226 7.257300 0.343759 -0.018447 0.938877 -0.789700 0.000000 0.000000 0.000000 1.000000
0.941243 -0.115931 -0.317208 0.072000 0.115353 0.993109 -0.020671 7.257300 0.317419 -0.017134 0.948131 -0.789700 0.000000 0.000000 0.000000 1.000000
0.953045 -0.141578 -0.267696 0.072000 0.138688 0.989888 -0.029774 7.257300 0.269204 -0.008751 0.963043 -0.789700 0.000000 0.000000 0.000000 1.000000
0.964606 -0.149694 -0.217087 0.072000 0.146276 0.988732 -0.031825 7.257300 0.219404 -0.001056 0.975633 -0.789700 0.000000 0.000000 0.000000 1.000000
0.975140 -0.127994 -0.180887 0.072000 0.124900 0.991762 -0.028439 7.257300 0.183037 0.005139 0.983093 -0.789700 0.000000 0.000000 0.000000 1.000000
0.983806 -0.097799 -0.150202 0.072000 0.095506 0.995176 -0.022426 7.257300 0.151670 0.007717 0.988401 -0.789700 0.000000 0.000000 0.000000 1.000000
0.989280 -0.063873 -0.131321 0.072000 0.062269 0.997927 -0.016284 7.257300 0.132088 0.007932 0.991206 -0.789700 0.000000 0.000000 0.000000 1.000000</float_array>
        <technique_common>
          <accessor source="#mixamorig_Spine-Matrix-animation-output-transform-array" count="32" stride="16">
            <param type="float4x4"/>
          </accessor>
        </technique_common>
      </source>
      <source id="mixamorig_Spine-Interpolations">
        <Name_array id="mixamorig_Spine-Interpolations-array" count="32">
 LINEAR LINEAR LINEAR LINEAR LINEAR LINEAR LINEAR LINEAR LINEAR LINEAR LINEAR
LINEAR LINEAR LINEAR LINEAR LINEAR LINEAR LINEAR LINEAR LINEAR LINEAR LINEAR LINEAR
LINEAR LINEAR LINEAR LINEAR LINEAR LINEAR LINEAR LINEAR LINEAR</Name_array>
        <technique_common>
          <accessor source="#mixamorig_Spine-Interpolations-array" count="32">
            <param type="name"/>
          </accessor>
        </technique_common>
      </source>
      <sampler id="mixamorig_Spine-Matrix-animation-transform">
        <input semantic="INPUT" source="#mixamorig_Spine-Matrix-animation-input"/>
        <input semantic="OUTPUT" source="#mixamorig_Spine-Matrix-animation-output-transform"/>
        <input semantic="INTERPOLATION" source="#mixamorig_Spine-Interpolations"/>
      </sampler>
      <channel source="#mixamorig_Spine-Matrix-animation-transform" target="mixamorig_Spine/matrix"/>
    </animation>
    <animation id="mixamorig_Spine1-anim" name="mixamorig_Spine1">
      <source id="mixamorig_Spine1-Matrix-animation-input">
        <float_array id="mixamorig_Spine1-Matrix-animation-input-array" count="32">

0.000000 0.033333 0.066667 0.100000 0.133333 0.166667 0.200000 0.233333 0.266667 0.300000 0.333333 0.366667 0.400000 0.433333 0.466667 0.500000
0.533333 0.566667 0.600000 0.633333 0.666667 0.700000 0.733333 0.766667 0.800000 0.833333 0.866667 0.900000 0.933333 0.966667 1.000000 1.033333</float_array>
        <technique_common>
          <accessor source="#mixamorig_Spine1-Matrix-animation-input-array" count="32">
            <param name="TIME" type="float"/>
          </accessor>
        </technique_common>
      </source>
      <source id="mixamorig_Spine1-Matrix-animation-output-transform">
        <float_array id="mixamorig_Spine1-Matrix-animation-output-transform-array" count="512">

0.995735 -0.017415 -0.090605 -0.000000 0.010661 0.997164 -0.074501 8.558700 0.091645 0.073217 0.993096 -0.000000 0.000000 0.000000 0.000000 1.000000
0.996380 -0.008730 -0.084562 0.000000 0.002442 0.997242 -0.074181 8.558700 0.084976 0.073706 0.993653 0.000000 0.000000 0.000000 0.000000 1.000000
0.996740 -0.003471 -0.080607 0.000000 -0.002487 0.997277 -0.073699 8.558700 0.080643 0.073659 0.994018 0.000000 0.000000 0.000000 0.000000 1.000000
0.997024 -0.003185 -0.077026 -0.000000 -0.002374 0.997404 -0.071969 8.558700 0.077055 0.071938 0.994428 0.000000 0.000000 0.000000 0.000000 1.000000
0.997469 -0.009173 -0.070509 -0.000000 0.004389 0.997695 -0.067710 8.558700 0.070967 0.067229 0.995211 0.000000 0.000000 0.000000 0.000000 1.000000
0.997889 -0.016820 -0.062734 0.000000 0.012744 0.997815 -0.064825 8.558700 0.063687 0.063888 0.995923 -0.000000 0.000000 0.000000 0.000000 1.000000
0.998211 -0.019095 -0.056659 0.000000 0.015304 0.997662 -0.066605 8.558700 0.057799 0.065619 0.996169 0.000000 0.000000 0.000000 0.000000 1.000000
0.998463 -0.012998 -0.053871 0.000000 0.009217 0.997514 -0.069866 8.558700 0.054645 0.069262 0.996101 0.000000 0.000000 0.000000 0.000000 1.000000
0.998544 -0.002074 -0.053903 -0.000000 -0.001876 0.997321 -0.073126 8.558700 0.053910 0.073120 0.995865 0.000000 0.000000 0.000000 0.000000 1.000000
0.998388 0.003948 -0.056625 -0.000000 -0.007954 0.997466 -0.070701 8.558700 0.056202 0.071037 0.995889 0.000000 0.000000 0.000000 0.000000 1.000000
0.998117 0.010263 -0.060478 -0.000000 -0.014365 0.997596 -0.067788 8.558700 0.059637 0.068529 0.995865 0.000000 0.000000 0.000000 0.000000 1.000000
0.998006 0.020933 -0.059552 0.000000 -0.025084 0.997244 -0.069825 8.558700 0.057926 0.071180 0.995780 -0.000000 0.000000 0.000000 0.000000 1.000000
0.997952 0.028017 -0.057505 -0.000000 -0.032139 0.996883 -0.072055 8.558700 0.055307 0.073756 0.995742 -0.000000 0.000000 0.000000 0.000000 1.000000
0.997629 0.024222 -0.064416 0.000000 -0.028862 0.996979 -0.072110 8.558700 0.062475 0.073798 0.995314 0.000000 0.000000 0.000000 0.000000 1.000000
0.997082 0.018247 -0.074128 0.000000 -0.023596 0.997130 -0.071940 8.558700 0.072603 0.073479 0.994651 0.000000 0.000000 0.000000 0.000000 1.000000
0.996857 0.013062 -0.078135 0.000000 -0.018713 0.997226 -0.072037 8.558700 0.076977 0.073273 0.994337 0.000000 0.000000 0.000000 0.000000 1.000000
0.996721 0.005536 -0.080726 0.000000 -0.011436 0.997280 -0.072808 8.558700 0.080104 0.073493 0.994074 0.000000 0.000000 0.000000 0.000000 1.000000
0.996260 -0.003440 -0.086337 0.000000 -0.002797 0.997399 -0.072017 8.558700 0.086360 0.071989 0.993660 0.000000 0.000000 0.000000 0.000000 1.000000
0.995509 -0.008792 -0.094253 0.000000 0.002359 0.997672 -0.068150 8.558700 0.094633 0.067621 0.993213 0.000000 0.000000 0.000000 0.000000 1.000000
0.994654 -0.007704 -0.102978 0.000000 0.001184 0.997998 -0.063233 8.558700 0.103259 0.062773 0.992672 0.000000 0.000000 0.000000 0.000000 1.000000
0.993658 -0.003424 -0.112390 0.000000 -0.003079 0.998333 -0.057639 8.558700 0.112399 0.057619 0.991991 0.000000 0.000000 0.000000 0.000000 1.000000
0.992599 0.000607 -0.121434 0.000000 -0.007216 0.998515 -0.053990 8.558700 0.121221 0.054467 0.991130 -0.000000 0.000000 0.000000 0.000000 1.000000
0.991976 0.000255 -0.126424 0.000000 -0.007393 0.998404 -0.055995 8.558700 0.126207 0.056480 0.990395 0.000000 0.000000 0.000000 0.000000 1.000000
0.991750 -0.006837 -0.128002 0.000000 -0.000716 0.998266 -0.058866 8.558700 0.128182 0.058472 0.990025 0.000000 0.000000 0.000000 0.000000 1.000000
0.991757 -0.017639 -0.126916 -0.000000 0.010298 0.998248 -0.058272 8.558700 0.127721 0.056485 0.990200 -0.000000 0.000000 0.000000 0.000000 1.000000
0.992150 -0.029870 -0.121435 0.000000 0.022445 0.997820 -0.062056 8.558700 0.123023 0.058843 0.990658 0.000000 0.000000 0.000000 0.000000 1.000000
0.992071 -0.038764 -0.119550 0.000000 0.030797 0.997225 -0.067783 8.558700 0.121845 0.063564 0.990512 0.000000 0.000000 0.000000 0.000000 1.000000
0.991305 -0.042471 -0.124539 -0.000000 0.033669 0.996840 -0.071952 8.558700 0.127201 0.067133 0.989602 0.000000 0.000000 0.000000 0.000000 1.000000
0.991409 -0.041897 -0.123908 0.000000 0.032943 0.996755 -0.073444 8.558700 0.126583 0.068731 0.989572 0.000000 0.000000 0.000000 0.000000 1.000000
0.992893 -0.035005 -0.113748 -0.000000 0.026576 0.996845 -0.074788 8.558700 0.116007 0.071234 0.990691 -0.000000 0.000000 0.000000 0.000000 1.000000
0.994480 -0.026612 -0.101495 -0.000000 0.019033 0.997008 -0.074919 8.558700 0.103185 0.072574 0.992011 0.000000 0.000000 0.000000 0.000000 1.000000
0.995735 -0.017415 -0.090605 0.000000 0.010661 0.997164 -0.074501 8.558700 0.091645 0.073217 0.993096 -0.000000 0.000000 0.000000 0.000000 1.000000</float_array>
        <technique_common>
          <accessor source="#mixamorig_Spine1-Matrix-animation-output-transform-array" count="32" stride="16">
            <param type="float4x4"/>
          </accessor>
        </technique_common>
      </source>
      <source id="mixamorig_Spine1-Interpolations">
        <Name_array id="mixamorig_Spine1-Interpolations-array" count="32">
 LINEAR LINEAR LINEAR LINEAR LINEAR LINEAR LINEAR LINEAR LINEAR LINEAR LINEAR
LINEAR LINEAR LINEAR LINEAR LINEAR LINEAR LINEAR LINEAR LINEAR LINEAR LINEAR LINEAR
LINEAR LINEAR LINEAR LINEAR LINEAR LINEAR LINEAR LINEAR LINEAR</Name_array>
        <technique_common>
          <accessor source="#mixamorig_Spine1-Interpolations-array" count="32">
            <param type="name"/>
          </accessor>
        </technique_common>
      </source>
      <sampler id="mixamorig_Spine1-Matrix-animation-transform">
        <input semantic="INPUT" source="#mixamorig_Spine1-Matrix-animation-input"/>
        <input semantic="OUTPUT" source="#mixamorig_Spine1-Matrix-animation-output-transform"/>
        <input semantic="INTERPOLATION" source="#mixamorig_Spine1-Interpolations"/>
      </sampler>
      <channel source="#mixamorig_Spine1-Matrix-animation-transform" target="mixamorig_Spine1/matrix"/>
    </animation>
    <animation id="mixamorig_Spine2-anim" name="mixamorig_Spine2">
      <source id="mixamorig_Spine2-Matrix-animation-input">
        <float_array id="mixamorig_Spine2-Matrix-animation-input-array" count="32">

0.000000 0.033333 0.066667 0.100000 0.133333 0.166667 0.200000 0.233333 0.266667 0.300000 0.333333 0.366667 0.400000 0.433333 0.466667 0.500000
0.533333 0.566667 0.600000 0.633333 0.666667 0.700000 0.733333 0.766667 0.800000 0.833333 0.866667 0.900000 0.933333 0.966667 1.000000 1.033333</float_array>
        <technique_common>
          <accessor source="#mixamorig_Spine2-Matrix-animation-input-array" count="32">
            <param name="TIME" type="float"/>
          </accessor>
        </technique_common>
      </source>
      <source id="mixamorig_Spine2-Matrix-animation-output-transform">
        <float_array id="mixamorig_Spine2-Matrix-animation-output-transform-array" count="512">

0.995699 -0.025626 -0.089030 0.000000 0.010328 0.985696 -0.168214 29.149500 0.092067 0.166571 0.981722 1.721100 0.000000 0.000000 0.000000 1.000000
0.996337 -0.016368 -0.083935 0.000000 0.002058 0.985817 -0.167809 29.149500 0.085491 0.167022 0.982240 1.721100 0.000000 0.000000 0.000000 1.000000
0.996702 -0.010659 -0.080448 0.000000 -0.002966 0.985888 -0.167381 29.149500 0.081097 0.167067 0.982605 1.721100 0.000000 0.000000 0.000000 1.000000
0.997005 -0.010010 -0.076687 0.000000 -0.002857 0.986143 -0.165874 29.149500 0.077285 0.165597 0.983161 1.721100 0.000000 0.000000 0.000000 1.000000
0.997481 -0.015500 -0.069214 -0.000000 0.004091 0.986778 -0.162026 29.149500 0.070811 0.161335 0.984356 1.721100 0.000000 0.000000 0.000000 1.000000
0.997921 -0.022595 -0.060355 0.000000 0.012707 0.987125 -0.159446 29.149500 0.063181 0.158348 0.985360 1.721100 0.000000 0.000000 0.000000 1.000000
0.998238 -0.024308 -0.054135 -0.000000 0.015291 0.986814 -0.161133 29.149500 0.057338 0.160021 0.985447 1.721100 0.000000 0.000000 0.000000 1.000000
0.998471 -0.017905 -0.052307 0.000000 0.009091 0.986399 -0.164116 29.149500 0.054534 0.163390 0.985053 1.721100 0.000000 0.000000 0.000000 1.000000
0.998535 -0.006932 -0.053671 0.000000 -0.002140 0.985928 -0.167155 29.149500 0.054074 0.167025 0.984469 1.721100 0.000000 0.000000 0.000000 1.000000
0.998374 -0.001039 -0.056990 0.000000 -0.008376 0.986306 -0.164715 29.149500 0.056380 0.164924 0.984693 1.721100 0.000000 0.000000 0.000000 1.000000
0.998082 0.005085 -0.061691 0.000000 -0.015012 0.986752 -0.161539 29.149500 0.060052 0.162156 0.984936 1.721100 0.000000 0.000000 0.000000 1.000000
0.997958 0.015816 -0.061889 0.000000 -0.025761 0.986230 -0.163364 29.149500 0.058453 0.164624 0.984623 1.721100 0.000000 0.000000 0.000000 1.000000
0.997908 0.022967 -0.060438 -0.000000 -0.032715 0.985648 -0.165612 29.149500 0.055767 0.167242 0.984337 1.721100 0.000000 0.000000 0.000000 1.000000
0.997596 0.018489 -0.066791 0.000000 -0.029365 0.985732 -0.165741 29.149500 0.062774 0.167303 0.983905 1.721100 0.000000 0.000000 0.000000 1.000000
0.997056 0.011549 -0.075798 -0.000000 -0.024014 0.985891 -0.165658 29.149500 0.072815 0.166991 0.983266 1.721100 0.000000 0.000000 0.000000 1.000000
0.996831 0.005930 -0.079333 -0.000000 -0.019064 0.985968 -0.165843 29.149500 0.077236 0.166830 0.982956 1.721100 0.000000 0.000000 0.000000 1.000000
0.996688 -0.001796 -0.081299 0.000000 -0.011808 0.985964 -0.166542 29.149500 0.080457 0.166950 0.982677 1.721100 0.000000 0.000000 0.000000 1.000000
0.996217 -0.011289 -0.086167 -0.000000 -0.003150 0.986184 -0.165621 29.149500 0.086846 0.165266 0.982418 1.721100 0.000000 0.000000 0.000000 1.000000
0.995444 -0.017567 -0.093720 0.000000 0.002213 0.986875 -0.161473 29.149500 0.095327 0.160530 0.982417 1.721100 0.000000 0.000000 0.000000 1.000000
0.994567 -0.017616 -0.102600 0.000000 0.001374 0.987714 -0.156267 29.149500 0.104093 0.155277 0.982372 1.721100 0.000000 0.000000 0.000000 1.000000
0.993566 -0.014854 -0.112276 0.000000 -0.002250 0.988578 -0.150695 29.149500 0.113232 0.149978 0.982184 1.721100 0.000000 0.000000 0.000000 1.000000
0.992504 -0.012154 -0.121606 0.000000 -0.005909 0.989107 -0.147078 29.149500 0.122069 0.146694 0.981621 1.721100 0.000000 0.000000 0.000000 1.000000
0.991876 -0.012736 -0.126567 -0.000000 -0.006306 0.988829 -0.148919 29.149500 0.127050 0.148508 0.980716 1.721100 0.000000 0.000000 0.000000 1.000000
0.991658 -0.019568 -0.127405 -0.000000 0.000010 0.988421 -0.151737 29.149500 0.128899 0.150470 0.980175 1.721100 0.000000 0.000000 0.000000 1.000000
0.991673 -0.029747 -0.125301 -0.000000 0.010568 0.988473 -0.151030 29.149500 0.128350 0.148448 0.980556 1.721100 0.000000 0.000000 0.000000 1.000000
0.992077 -0.040711 -0.118851 -0.000000 0.021990 0.987706 -0.154771 29.149500 0.123690 0.150932 0.980775 1.721100 0.000000 0.000000 0.000000 1.000000
0.992013 -0.049192 -0.116146 0.000000 0.030113 0.986553 -0.160643 29.149500 0.122486 0.155863 0.980155 1.721100 0.000000 0.000000 0.000000 1.000000
0.991252 -0.053313 -0.120736 0.000000 0.032947 0.985779 -0.164785 29.149500 0.127805 0.159365 0.978912 1.721100 0.000000 0.000000 0.000000 1.000000
0.991370 -0.052947 -0.119925 0.000000 0.032487 0.985498 -0.166548 29.149500 0.127004 0.161214 0.978713 1.721100 0.000000 0.000000 0.000000 1.000000
0.992859 -0.045374 -0.110324 0.000000 0.026346 0.985405 -0.168177 29.149500 0.116345 0.164070 0.979564 1.721100 0.000000 0.000000 0.000000 1.000000
0.994450 -0.035899 -0.098897 0.000000 0.018815 0.985515 -0.168544 29.149500 0.103515 0.165748 0.980720 1.721100 0.000000 0.000000 0.000000 1.000000
0.995699 -0.025626 -0.089030 0.000000 0.010328 0.985696 -0.168214 29.149500 0.092067 0.166571 0.981722 1.721100 0.000000 0.000000 0.000000 1.000000</float_array>
        <technique_common>
          <accessor source="#mixamorig_Spine2-Matrix-animation-output-transform-array" count="32" stride="16">
            <param type="float4x4"/>
          </accessor>
        </technique_common>
      </source>
      <source id="mixamorig_Spine2-Interpolations">
        <Name_array id="mixamorig_Spine2-Interpolations-array" count="32">
 LINEAR LINEAR LINEAR LINEAR LINEAR LINEAR LINEAR LINEAR LINEAR LINEAR LINEAR
LINEAR LINEAR LINEAR LINEAR LINEAR LINEAR LINEAR LINEAR LINEAR LINEAR LINEAR LINEAR
LINEAR LINEAR LINEAR LINEAR LINEAR LINEAR LINEAR LINEAR LINEAR</Name_array>
        <technique_common>
          <accessor source="#mixamorig_Spine2-Interpolations-array" count="32">
            <param type="name"/>
          </accessor>
        </technique_common>
      </source>
      <sampler id="mixamorig_Spine2-Matrix-animation-transform">
        <input semantic="INPUT" source="#mixamorig_Spine2-Matrix-animation-input"/>
        <input semantic="OUTPUT" source="#mixamorig_Spine2-Matrix-animation-output-transform"/>
        <input semantic="INTERPOLATION" source="#mixamorig_Spine2-Interpolations"/>
      </sampler>
      <channel source="#mixamorig_Spine2-Matrix-animation-transform" target="mixamorig_Spine2/matrix"/>
    </animation>
    <animation id="mixamorig_Neck-anim" name="mixamorig_Neck">
      <source id="mixamorig_Neck-Matrix-animation-input">
        <float_array id="mixamorig_Neck-Matrix-animation-input-array" count="32">

0.000000 0.033333 0.066667 0.100000 0.133333 0.166667 0.200000 0.233333 0.266667 0.300000 0.333333 0.366667 0.400000 0.433333 0.466667 0.500000
0.533333 0.566667 0.600000 0.633333 0.666667 0.700000 0.733333 0.766667 0.800000 0.833333 0.866667 0.900000 0.933333 0.966667 1.000000 1.033333</float_array>
        <technique_common>
          <accessor source="#mixamorig_Neck-Matrix-animation-input-array" count="32">
            <param name="TIME" type="float"/>
          </accessor>
        </technique_common>
      </source>
      <source id="mixamorig_Neck-Matrix-animation-output-transform">
        <float_array id="mixamorig_Neck-Matrix-animation-output-transform-array" count="512">

0.994486 0.005575 -0.104723 0.000000 -0.014672 0.996161 -0.086304 13.857900 0.103839 0.087365 0.990750 7.405300 0.000000 0.000000 0.000000 1.000000
0.994420 0.006484 -0.105290 0.000000 -0.015318 0.996406 -0.083313 13.857900 0.104371 0.084461 0.990946 7.405300 0.000000 0.000000 0.000000 1.000000
0.994345 0.009198 -0.105797 0.000000 -0.017632 0.996713 -0.079067 13.857900 0.104722 0.080485 0.991239 7.405300 0.000000 0.000000 0.000000 1.000000
0.994222 0.012952 -0.106563 0.000000 -0.020759 0.997153 -0.072485 13.857900 0.105321 0.074278 0.991660 7.405300 0.000000 0.000000 0.000000 1.000000
0.993997 0.016417 -0.108164 0.000000 -0.023732 0.997491 -0.066697 13.857900 0.106798 0.068864 0.991893 7.405300 0.000000 0.000000 0.000000 1.000000
0.993846 0.019343 -0.109068 0.000000 -0.026525 0.997546 -0.064788 13.857900 0.107547 0.067282 0.991921 7.405300 0.000000 0.000000 0.000000 1.000000
0.993838 0.019510 -0.109110 0.000000 -0.026533 0.997643 -0.063287 13.857900 0.107618 0.065792 0.992013 7.405300 0.000000 0.000000 0.000000 1.000000
0.993867 0.016594 -0.109332 0.000000 -0.023660 0.997692 -0.063654 13.857900 0.108023 0.065850 0.991965 7.405300 0.000000 0.000000 0.000000 1.000000
0.993928 0.014025 -0.109138 0.000000 -0.021487 0.997488 -0.067505 13.857900 0.107917 0.069440 0.991732 7.405300 0.000000 0.000000 0.000000 1.000000
0.994108 0.014742 -0.107384 0.000000 -0.022333 0.997309 -0.069834 13.857900 0.106065 0.071821 0.991762 7.405300 0.000000 0.000000 0.000000 1.000000
0.994229 0.014876 -0.106246 0.000000 -0.022174 0.997449 -0.067844 13.857900 0.104966 0.069809 0.992023 7.405300 0.000000 0.000000 0.000000 1.000000
0.994293 0.013086 -0.105878 0.000000 -0.020070 0.997673 -0.065167 13.857900 0.104779 0.066920 0.992241 7.405300 0.000000 0.000000 0.000000 1.000000
0.994479 0.015447 -0.103793 0.000000 -0.022189 0.997695 -0.064124 13.857900 0.102563 0.066073 0.992530 7.405300 0.000000 0.000000 0.000000 1.000000
0.994711 0.022156 -0.100294 0.000000 -0.028741 0.997491 -0.064693 13.857900 0.098609 0.067234 0.992852 7.405300 0.000000 0.000000 0.000000 1.000000
0.994778 0.028164 -0.098101 0.000000 -0.035011 0.997016 -0.068795 13.857900 0.095871 0.071871 0.992796 7.405300 0.000000 0.000000 0.000000 1.000000
0.994720 0.031320 -0.097732 -0.000000 -0.038816 0.996370 -0.075769 13.857900 0.095004 0.079163 0.992324 7.405300 0.000000 0.000000 0.000000 1.000000
0.994685 0.032632 -0.097655 -0.000000 -0.040636 0.995875 -0.081125 13.857900 0.094605 0.084662 0.991908 7.405300 0.000000 0.000000 0.000000 1.000000
0.994688 0.032847 -0.097552 0.000000 -0.041020 0.995706 -0.082988 13.857900 0.094408 0.086548 0.991764 7.405300 0.000000 0.000000 0.000000 1.000000
0.994787 0.029688 -0.097556 0.000000 -0.037858 0.995831 -0.082989 13.857900 0.094685 0.086250 0.991764 7.405300 0.000000 0.000000 0.000000 1.000000
0.994907 0.023687 -0.097979 0.000000 -0.031699 0.996206 -0.081043 13.857900 0.095688 0.083736 0.991883 7.405300 0.000000 0.000000 0.000000 1.000000
0.994815 0.023506 -0.098949 0.000000 -0.031174 0.996569 -0.076672 13.857900 0.096807 0.079359 0.992134 7.405300 0.000000 0.000000 0.000000 1.000000
0.994631 0.023557 -0.100765 0.000000 -0.030805 0.997001 -0.070990 13.857900 0.098791 0.073713 0.992374 7.405300 0.000000 0.000000 0.000000 1.000000
0.994478 0.021887 -0.102642 0.000000 -0.028704 0.997445 -0.065421 13.857900 0.100948 0.068006 0.992565 7.405300 0.000000 0.000000 0.000000 1.000000
0.994423 0.022818 -0.102970 -0.000000 -0.029514 0.997514 -0.063986 13.857900 0.101254 0.066668 0.992624 7.405300 0.000000 0.000000 0.000000 1.000000
0.994543 0.022578 -0.101857 0.000000 -0.029341 0.997428 -0.065399 13.857900 0.100118 0.068030 0.992647 7.405300 0.000000 0.000000 0.000000 1.000000
0.994751 0.024267 -0.099410 -0.000000 -0.030914 0.997349 -0.065879 13.857900 0.097548 0.068607 0.992863 7.405300 0.000000 0.000000 0.000000 1.000000
0.994988 0.023902 -0.097100 -0.000000 -0.030627 0.997190 -0.068372 13.857900 0.095193 0.071003 0.992923 7.405300 0.000000 0.000000 0.000000 1.000000
0.995077 0.013038 -0.098246 -0.000000 -0.020456 0.996983 -0.074879 13.857900 0.096974 0.076520 0.992341 7.405300 0.000000 0.000000 0.000000 1.000000
0.994893 0.009424 -0.100498 -0.000000 -0.017099 0.996978 -0.075781 13.857900 0.099480 0.077112 0.992047 7.405300 0.000000 0.000000 0.000000 1.000000
0.994776 0.008750 -0.101709 0.000000 -0.016672 0.996868 -0.077301 13.857900 0.100714 0.078592 0.991806 7.405300 0.000000 0.000000 0.000000 1.000000
0.994661 0.008233 -0.102871 0.000000 -0.016776 0.996453 -0.082458 13.857900 0.101827 0.083744 0.991271 7.405300 0.000000 0.000000 0.000000 1.000000
0.994486 0.005575 -0.104722 0.000000 -0.014673 0.996161 -0.086304 13.857900 0.103839 0.087365 0.990750 7.405300 0.000000 0.000000 0.000000 1.000000</float_array>
        <technique_common>
          <accessor source="#mixamorig_Neck-Matrix-animation-output-transform-array" count="32" stride="16">
            <param type="float4x4"/>
          </accessor>
        </technique_common>
      </source>
      <source id="mixamorig_Neck-Interpolations">
        <Name_array id="mixamorig_Neck-Interpolations-array" count="32">
 LINEAR LINEAR LINEAR LINEAR LINEAR LINEAR LINEAR LINEAR LINEAR LINEAR LINEAR
LINEAR LINEAR LINEAR LINEAR LINEAR LINEAR LINEAR LINEAR LINEAR LINEAR LINEAR LINEAR
LINEAR LINEAR LINEAR LINEAR LINEAR LINEAR LINEAR LINEAR LINEAR</Name_array>
        <technique_common>
          <accessor source="#mixamorig_Neck-Interpolations-array" count="32">
            <param type="name"/>
          </accessor>
        </technique_common>
      </source>
      <sampler id="mixamorig_Neck-Matrix-animation-transform">
        <input semantic="INPUT" source="#mixamorig_Neck-Matrix-animation-input"/>
        <input semantic="OUTPUT" source="#mixamorig_Neck-Matrix-animation-output-transform"/>
        <input semantic="INTERPOLATION" source="#mixamorig_Neck-Interpolations"/>
      </sampler>
      <channel source="#mixamorig_Neck-Matrix-animation-transform" target="mixamorig_Neck/matrix"/>
    </animation>
    <animation id="mixamorig_Head-anim" name="mixamorig_Head">
      <source id="mixamorig_Head-Matrix-animation-input">
        <float_array id="mixamorig_Head-Matrix-animation-input-array" count="32">

0.000000 0.033333 0.066667 0.100000 0.133333 0.166667 0.200000 0.233333 0.266667 0.300000 0.333333 0.366667 0.400000 0.433333 0.466667 0.500000
0.533333 0.566667 0.600000 0.633333 0.666667 0.700000 0.733333 0.766667 0.800000 0.833333 0.866667 0.900000 0.933333 0.966667 1.000000 1.033333</float_array>
        <technique_common>
          <accessor source="#mixamorig_Head-Matrix-animation-input-array" count="32">
            <param name="TIME" type="float"/>
          </accessor>
        </technique_common>
      </source>
      <source id="mixamorig_Head-Matrix-animation-output-transform">
        <float_array id="mixamorig_Head-Matrix-animation-output-transform-array" count="512">

0.811259 -0.084352 -0.578570 0.000000 0.164675 0.982444 0.087669 8.198500 0.561018 -0.166398 0.810908 5.703100 0.000000 0.000000 0.000000 1.000000
0.808955 -0.089937 -0.580950 -0.000000 0.168458 0.982249 0.082510 8.198500 0.563218 -0.164613 0.809746 5.703100 0.000000 0.000000 0.000000 1.000000
0.805240 -0.095092 -0.585275 0.000000 0.177625 0.980413 0.085090 8.198500 0.565719 -0.172478 0.806358 5.703100 0.000000 0.000000 0.000000 1.000000
0.801711 -0.096872 -0.589810 0.000000 0.185697 0.978316 0.091732 8.198500 0.568134 -0.183068 0.802315 5.703100 0.000000 0.000000 0.000000 1.000000
0.798632 -0.092698 -0.594637 -0.000000 0.189352 0.976590 0.102069 8.198500 0.571255 -0.194111 0.797489 5.703100 0.000000 0.000000 0.000000 1.000000
0.796852 -0.090503 -0.597357 0.000000 0.196330 0.973847 0.114353 8.198500 0.571385 -0.208402 0.793781 5.703100 0.000000 0.000000 0.000000 1.000000
0.794768 -0.098145 -0.598926 -0.000000 0.211402 0.969805 0.121608 8.198500 0.568906 -0.223264 0.791517 5.703100 0.000000 0.000000 0.000000 1.000000
0.791012 -0.110590 -0.601722 0.000000 0.226115 0.966734 0.119572 8.198500 0.568482 -0.230641 0.789704 5.703100 0.000000 0.000000 0.000000 1.000000
0.787794 -0.123230 -0.603485 0.000000 0.230249 0.967668 0.102973 8.198500 0.571284 -0.220074 0.790697 5.703100 0.000000 0.000000 0.000000 1.000000
0.788377 -0.135194 -0.600154 0.000000 0.225999 0.970988 0.078148 8.198500 0.572177 -0.197244 0.796058 5.703100 0.000000 0.000000 0.000000 1.000000
0.785312 -0.149569 -0.600761 -0.000000 0.236234 0.969351 0.067469 8.198500 0.572257 -0.194904 0.796576 5.703100 0.000000 0.000000 0.000000 1.000000
0.779859 -0.163596 -0.604200 0.000000 0.259442 0.962908 0.074148 8.198500 0.569658 -0.214579 0.793376 5.703100 0.000000 0.000000 0.000000 1.000000
0.785780 -0.160197 -0.597401 0.000000 0.259415 0.962175 0.083203 8.198500 0.561475 -0.220354 0.797615 5.703100 0.000000 0.000000 0.000000 1.000000
0.799714 -0.141510 -0.583465 0.000000 0.234937 0.968090 0.087217 8.198500 0.552505 -0.206826 0.807441 5.703100 0.000000 0.000000 0.000000 1.000000
0.807472 -0.125853 -0.576325 0.000000 0.211181 0.973899 0.083208 8.198500 0.550810 -0.188897 0.812974 5.703100 0.000000 0.000000 0.000000 1.000000
0.809005 -0.116703 -0.576101 0.000000 0.195267 0.977791 0.076133 8.198500 0.554421 -0.174086 0.813825 5.703100 0.000000 0.000000 0.000000 1.000000
0.810023 -0.108754 -0.576225 0.000000 0.182854 0.980501 0.071991 8.198500 0.557160 -0.163680 0.814114 5.703100 0.000000 0.000000 0.000000 1.000000
0.811749 -0.101712 -0.575081 -0.000000 0.173518 0.982253 0.071201 8.198500 0.557634 -0.157584 0.814992 5.703100 0.000000 0.000000 0.000000 1.000000
0.812658 -0.101074 -0.573909 0.000000 0.172666 0.982383 0.071483 8.198500 0.556573 -0.157186 0.815793 5.703100 0.000000 0.000000 0.000000 1.000000
0.810091 -0.110149 -0.575865 0.000000 0.182732 0.980705 0.069470 8.198500 0.557102 -0.161506 0.814588 5.703100 0.000000 0.000000 0.000000 1.000000
0.803238 -0.120636 -0.583314 0.000000 0.193473 0.979020 0.063945 8.198500 0.563362 -0.164218 0.809726 5.703100 0.000000 0.000000 0.000000 1.000000
0.795464 -0.124178 -0.593142 0.000000 0.200292 0.977648 0.063934 8.198500 0.571945 -0.169659 0.802555 5.703100 0.000000 0.000000 0.000000 1.000000
0.790674 -0.119934 -0.600376 0.000000 0.206105 0.975530 0.076558 8.198500 0.576503 -0.184273 0.796045 5.703100 0.000000 0.000000 0.000000 1.000000
0.792405 -0.106241 -0.600672 -0.000000 0.206765 0.973201 0.100634 8.198500 0.573884 -0.203941 0.793136 5.703100 0.000000 0.000000 0.000000 1.000000
0.801852 -0.086443 -0.591237 -0.000000 0.192634 0.974047 0.118844 8.198500 0.565620 -0.209187 0.797693 5.703100 0.000000 0.000000 0.000000 1.000000
0.815810 -0.067823 -0.574329 -0.000000 0.171612 0.976758 0.128422 8.198500 0.552271 -0.203330 0.808488 5.703100 0.000000 0.000000 0.000000 1.000000
