<?xml version="1.0" encoding="utf-8"?>
<COLLADA xmlns="http://www.collada.org/2005/11/COLLADASchema" version="1.4.1">
  <asset>
    <contributor>
      <author>Mixamo</author>
      <authoring_tool>COLLADA Mixamo exporter</authoring_tool>
      <comments/>
    </contributor>
    <created>2024-03-08T11:41:52Z</created>
    <modified>2024-03-08T11:41:52Z</modified>
    <revision/>
    <title/>
    <unit meter="0.010000"/>
    <up_axis>Y_UP</up_axis>
  </asset>
  <library_animations>
    <animation id="mixamorig_Hips-anim" name="mixamorig_Hips">
      <source id="mixamorig_Hips-Matrix-animation-input">
        <float_array id="mixamorig_Hips-Matrix-animation-input-array" count="37">

0.000000 0.033333 0.066667 0.100000 0.133333 0.166667 0.200000 0.233333 0.266667 0.300000 0.333333 0.366667 0.400000 0.433333 0.466667 0.500000
0.533333 0.566667 0.600000 0.633333 0.666667 0.700000 0.733333 0.766667 0.800000 0.833333 0.866667 0.900000 0.933333 0.966667 1.000000 1.033333
1.066667 1.100000 1.133333 1.166667 1.200000</float_array>
        <technique_common>
          <accessor source="#mixamorig_Hips-Matrix-animation-input-array" count="37">
            <param name="TIME" type="float"/>
          </accessor>
        </technique_common>
      </source>
      <source id="mixamorig_Hips-Matrix-animation-output-transform">
        <float_array id="mixamorig_Hips-Matrix-animation-output-transform-array" count="592">

0.999312 0.011818 0.035151 0.571505 -0.016179 0.991836 0.126491 110.388680 -0.033369 -0.126973 0.991345 0.162603 0.000000 0.000000 0.000000 1.000000
0.998095 0.007255 0.061264 0.400395 -0.015753 0.990112 0.139390 109.794304 -0.059647 -0.140090 0.988341 0.867778 0.000000 0.000000 0.000000 1.000000
0.996185 0.007657 0.086930 0.263340 -0.020826 0.988220 0.151618 108.856819 -0.084745 -0.152850 0.984609 1.521138 0.000000 0.000000 0.000000 1.000000
0.993935 0.008717 0.109622 0.166164 -0.026637 0.986251 0.163095 107.844360 -0.106693 -0.165026 0.980501 2.280838 0.000000 0.000000 0.000000 1.000000
0.991805 0.005152 0.127654 0.103651 -0.027569 0.984276 0.174471 107.137726 -0.124748 -0.176560 0.976353 3.239495 0.000000 0.000000 0.000000 1.000000
0.989645 -0.003624 0.143491 0.113944 -0.023209 0.982486 0.184887 106.770699 -0.141647 -0.186303 0.972228 4.229058 0.000000 0.000000 0.000000 1.000000
0.986680 -0.015384 0.161946 0.296022 -0.015898 0.981634 0.190108 106.503319 -0.161896 -0.190150 0.968314 4.748293 0.000000 0.000000 0.000000 1.000000
0.982657 -0.026367 0.183550 0.716960 -0.008472 0.982422 0.186479 106.439659 -0.185240 -0.184800 0.965161 4.368825 0.000000 0.000000 0.000000 1.000000
0.978431 -0.034226 0.203721 1.373032 -0.001995 0.984568 0.174991 106.614372 -0.206566 -0.171623 0.963263 3.004134 0.000000 0.000000 0.000000 1.000000
0.974857 -0.043607 0.218523 2.156896 0.007647 0.986634 0.162771 106.842545 -0.222700 -0.157008 0.962161 0.912357 0.000000 0.000000 0.000000 1.000000
0.972482 -0.065225 0.223661 2.842075 0.030022 0.987091 0.157322 106.742783 -0.231036 -0.146278 0.961886 -1.114539 0.000000 0.000000 0.000000 1.000000
0.971837 -0.085827 0.219470 3.479005 0.052484 0.986757 0.153480 106.251930 -0.229736 -0.137639 0.963471 -2.875975 0.000000 0.000000 0.000000 1.000000
0.974312 -0.087232 0.207624 4.121963 0.057990 0.988025 0.142984 106.135475 -0.217610 -0.127271 0.967702 -4.395131 0.000000 0.000000 0.000000 1.000000
0.981764 -0.062853 0.179412 4.844460 0.039128 0.990365 0.132839 107.471756 -0.186033 -0.123396 0.974764 -5.334530 0.000000 0.000000 0.000000 1.000000
0.990996 -0.015621 0.132975 5.633223 -0.002097 0.991238 0.132068 109.898338 -0.133873 -0.131157 0.982281 -5.544183 0.000000 0.000000 0.000000 1.000000
0.995954 0.018304 0.087978 6.095972 -0.030227 0.990225 0.136167 111.953384 -0.084626 -0.138275 0.986772 -4.824504 0.000000 0.000000 0.000000 1.000000
0.998107 0.029718 0.053841 6.176915 -0.037024 0.989427 0.140223 112.914413 -0.049104 -0.141951 0.988655 -3.665565 0.000000 0.000000 0.000000 1.000000
0.998992 0.037568 0.024584 6.127186 -0.040784 0.988292 0.147025 113.017868 -0.018773 -0.147880 0.988827 -2.590816 0.000000 0.000000 0.000000 1.000000
0.998863 0.047641 -0.001631 6.054582 -0.046809 0.986753 0.155331 112.625687 0.009009 -0.155078 0.987861 -1.710889 0.000000 0.000000 0.000000 1.000000
0.998298 0.053465 -0.023275 5.927523 -0.048994 0.985512 0.162377 111.873459 0.031619 -0.160960 0.986454 -0.940807 0.000000 0.000000 0.000000 1.000000
0.997792 0.053072 -0.039933 5.783733 -0.045611 0.984580 0.168883 110.913040 0.048280 -0.166688 0.984827 -0.150889 0.000000 0.000000 0.000000 1.000000
0.997359 0.050044 -0.052640 5.675558 -0.040138 0.983788 0.174786 110.005173 0.060533 -0.172212 0.983198 0.759833 0.000000 0.000000 0.000000 1.000000
0.996675 0.047751 -0.066016 5.579336 -0.035282 0.983294 0.178571 109.171318 0.073440 -0.175648 0.981710 1.731418 0.000000 0.000000 0.000000 1.000000
0.995311 0.046420 -0.084862 5.443154 -0.030730 0.983618 0.177625 108.195801 0.091717 -0.174184 0.980433 2.471848 0.000000 0.000000 0.000000 1.000000
0.993097 0.047805 -0.107115 5.223787 -0.028941 0.984813 0.171192 107.220345 0.113672 -0.166910 0.979398 2.826917 0.000000 0.000000 0.000000 1.000000
0.990486 0.055487 -0.125933 4.942188 -0.034569 0.986088 0.162591 106.679306 0.133202 -0.156691 0.978624 2.905643 0.000000 0.000000 0.000000 1.000000
0.988029 0.071528 -0.136684 4.653178 -0.050536 0.987195 0.151302 106.481781 0.145756 -0.142583 0.978992 2.569403 0.000000 0.000000 0.000000 1.000000
0.985074 0.095651 -0.143107 4.304744 -0.076252 0.987854 0.135388 106.226089 0.154319 -0.122455 0.980403 1.479447 0.000000 0.000000 0.000000 1.000000
0.980738 0.124296 -0.150677 3.853656 -0.106699 0.987055 0.119743 105.934753 0.163610 -0.101359 0.981304 -0.177747 0.000000 0.000000 0.000000 1.000000
0.976401 0.149457 -0.155895 3.366903 -0.133925 0.985324 0.105833 105.502548 0.169425 -0.082457 0.982088 -1.843871 0.000000 0.000000 0.000000 1.000000
0.975952 0.156520 -0.151719 2.858637 -0.143699 0.985323 0.092142 105.568192 0.163914 -0.068124 0.984119 -3.375050 0.000000 0.000000 0.000000 1.000000
0.981030 0.141292 -0.132727 2.377039 -0.130793 0.987778 0.084782 106.720016 0.143083 -0.065814 0.987520 -4.296762 0.000000 0.000000 0.000000 1.000000
0.987760 0.116647 -0.103558 1.904112 -0.107998 0.990464 0.085541 108.073357 0.112548 -0.073310 0.990938 -4.070035 0.000000 0.000000 0.000000 1.000000
0.993297 0.091826 -0.070212 1.484050 -0.085297 0.992197 0.090937 109.042297 0.078014 -0.084339 0.993378 -3.019151 0.000000 0.000000 0.000000 1.000000
0.997256 0.065731 -0.034049 1.162275 -0.062037 0.993043 0.100084 109.878952 0.040391 -0.097697 0.994396 -1.824629 0.000000 0.000000 0.000000 1.000000
0.999227 0.039255 0.002125 0.884464 -0.039245 0.992877 0.112496 110.389893 0.002307 -0.112492 0.993650 -0.731871 0.000000 0.000000 0.000000 1.000000
0.999312 0.011819 0.035151 0.571509 -0.016179 0.991836 0.126491 110.388695 -0.033369 -0.126973 0.991345 0.162603 0.000000 0.000000 0.000000 1.000000</float_array>
        <technique_common>
          <accessor source="#mixamorig_Hips-Matrix-animation-output-transform-array" count="37" stride="16">
            <param type="float4x4"/>
          </accessor>
        </technique_common>
      </source>
      <source id="mixamorig_Hips-Interpolations">
        <Name_array id="mixamorig_Hips-Interpolations-array" count="37">
 LINEAR LINEAR LINEAR LINEAR LINEAR LINEAR LINEAR LINEAR LINEAR LINEAR LINEAR
LINEAR LINEAR LINEAR LINEAR LINEAR LINEAR LINEAR LINEAR LINEAR LINEAR LINEAR LINEAR
LINEAR LINEAR LINEAR LINEAR LINEAR LINEAR LINEAR LINEAR LINEAR LINEAR LINEAR LINEAR
LINEAR LINEAR</Name_array>
        <technique_common>
          <accessor source="#mixamorig_Hips-Interpolations-array" count="37">
            <param type="name"/>
          </accessor>
        </technique_common>
      </source>
      <sampler id="mixamorig_Hips-Matrix-animation-transform">
        <input semantic="INPUT" source="#mixamorig_Hips-Matrix-animation-input"/>
        <input semantic="OUTPUT" source="#mixamorig_Hips-Matrix-animation-output-transform"/>
        <input semantic="INTERPOLATION" source="#mixamorig_Hips-Interpolations"/>
      </sampler>
      <channel source="#mixamorig_Hips-Matrix-animation-transform" target="mixamorig_Hips/matrix"/>
    </animation>
    <animation id="mixamorig_Spine-anim" name="mixamorig_Spine">
      <source id="mixamorig_Spine-Matrix-animation-input">
        <float_array id="mixamorig_Spine-Matrix-animation-input-array" count="37">

0.000000 0.033333 0.066667 0.100000 0.133333 0.166667 0.200000 0.233333 0.266667 0.300000 0.333333 0.366667 0.400000 0.433333 0.466667 0.500000
0.533333 0.566667 0.600000 0.633333 0.666667 0.700000 0.733333 0.766667 0.800000 0.833333 0.866667 0.900000 0.933333 0.966667 1.000000 1.033333
1.066667 1.100000 1.133333 1.166667 1.200000</float_array>
        <technique_common>
          <accessor source="#mixamorig_Spine-Matrix-animation-input-array" count="37">
            <param name="TIME" type="float"/>
          </accessor>
        </technique_common>
      </source>
      <source id="mixamorig_Spine-Matrix-animation-output-transform">
        <float_array id="mixamorig_Spine-Matrix-animation-output-transform-array" count="592">

0.996218 -0.031661 0.080920 0.072000 0.043287 0.988304 -0.146225 7.257300 -0.075344 0.149175 0.985936 -0.789700 0.000000 0.000000 0.000000 1.000000
0.997660 -0.038085 0.056778 0.072000 0.045460 0.989823 -0.134848 7.257300 -0.051065 0.137113 0.989238 -0.789700 0.000000 0.000000 0.000000 1.000000
0.998492 -0.049962 0.022746 0.072000 0.052397 0.990971 -0.123413 7.257300 -0.016375 0.124419 0.992095 -0.789700 0.000000 0.000000 0.000000 1.000000
0.998245 -0.057073 -0.015786 0.072000 0.054934 0.992078 -0.112980 7.257300 0.022109 0.111914 0.993472 -0.789700 0.000000 0.000000 0.000000 1.000000
0.996963 -0.056122 -0.053993 0.072000 0.050180 0.993128 -0.105725 7.257300 0.059556 0.102695 0.992928 -0.789700 0.000000 0.000000 0.000000 1.000000
0.994229 -0.045108 -0.097338 0.072000 0.035228 0.994270 -0.100928 7.257300 0.101333 0.096916 0.990121 -0.789700 0.000000 0.000000 0.000000 1.000000
0.990290 -0.030999 -0.135514 0.072000 0.017267 0.994700 -0.101357 7.257300 0.137938 0.098033 0.985577 -0.789700 0.000000 0.000000 0.000000 1.000000
0.986610 -0.018934 -0.161993 0.072000 0.001046 0.993953 -0.109803 7.257300 0.163092 0.108163 0.980664 -0.789700 0.000000 0.000000 0.000000 1.000000
0.983524 -0.010608 -0.180466 0.072000 -0.011546 0.992552 -0.121271 7.257300 0.180408 0.121357 0.976076 -0.789700 0.000000 0.000000 0.000000 1.000000
0.981504 -0.006514 -0.191329 0.072000 -0.020741 0.989920 -0.140103 7.257300 0.190313 0.141480 0.971475 -0.789700 0.000000 0.000000 0.000000 1.000000
0.979069 0.024760 -0.202019 0.072000 -0.057728 0.985593 -0.158978 7.257300 0.195172 0.167312 0.966393 -0.789700 0.000000 0.000000 0.000000 1.000000
0.977223 0.051426 -0.205890 0.072000 -0.088942 0.980122 -0.177339 7.257300 0.192678 0.191612 0.962372 -0.789700 0.000000 0.000000 0.000000 1.000000
0.975761 0.066268 -0.208562 0.072000 -0.105531 0.977400 -0.183174 7.257300 0.191710 0.200744 0.960702 -0.789700 0.000000 0.000000 0.000000 1.000000
0.979756 0.050831 -0.193635 0.072000 -0.088671 0.977362 -0.192094 7.257300 0.179487 0.205375 0.962084 -0.789700 0.000000 0.000000 0.000000 1.000000
0.989818 0.000510 -0.142340 0.072000 -0.030819 0.977041 -0.210811 7.257300 0.138965 0.213051 0.967108 -0.789700 0.000000 0.000000 0.000000 1.000000
0.994364 -0.025322 -0.102952 0.072000 0.002863 0.977118 -0.212679 7.257300 0.105981 0.211186 0.971683 -0.789700 0.000000 0.000000 0.000000 1.000000
0.996825 -0.026862 -0.074953 0.072000 0.010922 0.978604 -0.205462 7.257300 0.078868 0.203991 0.975791 -0.789700 0.000000 0.000000 0.000000 1.000000
0.998841 -0.022168 -0.042725 0.072000 0.013449 0.980812 -0.194492 7.257300 0.046217 0.193692 0.979973 -0.789700 0.000000 0.000000 0.000000 1.000000
0.999732 -0.019772 -0.012053 0.072000 0.017211 0.982678 -0.184520 7.257300 0.015492 0.184263 0.982755 -0.789700 0.000000 0.000000 0.000000 1.000000
0.999722 -0.012863 0.019759 0.072000 0.016061 0.985074 -0.171379 7.257300 -0.017260 0.171649 0.985007 -0.789700 0.000000 0.000000 0.000000 1.000000
0.998727 -0.001623 0.050423 0.072000 0.009636 0.987220 -0.159075 7.257300 -0.049521 0.159358 0.985978 -0.789700 0.000000 0.000000 0.000000 1.000000
0.996393 0.007618 0.084516 0.072000 0.004802 0.989305 -0.145786 7.257300 -0.084722 0.145666 0.985700 -0.789700 0.000000 0.000000 0.000000 1.000000
0.992184 0.013597 0.124038 0.072000 0.002801 0.991367 -0.131084 7.257300 -0.124750 0.130407 0.983581 -0.789700 0.000000 0.000000 0.000000 1.000000
0.985252 0.017620 0.170201 0.072000 0.002829 0.992871 -0.119163 7.257300 -0.171087 0.117887 0.978178 -0.789700 0.000000 0.000000 0.000000 1.000000
0.975817 0.018833 0.217778 0.072000 0.005513 0.993844 -0.110650 7.257300 -0.218521 0.109175 0.969706 -0.789700 0.000000 0.000000 0.000000 1.000000
0.968060 0.012783 0.250393 0.072000 0.015087 0.993919 -0.109071 7.257300 -0.250265 0.109365 0.961981 -0.789700 0.000000 0.000000 0.000000 1.000000
0.960979 -0.006794 0.276539 0.072000 0.038020 0.993455 -0.107713 7.257300 -0.273997 0.114024 0.954947 -0.789700 0.000000 0.000000 0.000000 1.000000
0.955011 -0.038670 0.294039 0.072000 0.074272 0.991053 -0.110891 7.257300 -0.287120 0.127741 0.949339 -0.789700 0.000000 0.000000 0.000000 1.000000
0.948044 -0.077495 0.308557 0.072000 0.118426 0.986141 -0.116195 7.257300 -0.295276 0.146699 0.944082 -0.789700 0.000000 0.000000 0.000000 1.000000
0.943160 -0.112334 0.312779 0.072000 0.156815 0.980209 -0.120824 7.257300 -0.293016 0.163005 0.942110 -0.789700 0.000000 0.000000 0.000000 1.000000
0.938925 -0.138757 0.314908 0.072000 0.184928 0.975189 -0.121685 7.257300 -0.290211 0.172488 0.941289 -0.789700 0.000000 0.000000 0.000000 1.000000
0.947550 -0.128358 0.292698 0.072000 0.174964 0.974719 -0.138960 7.257300 -0.267462 0.182883 0.946054 -0.789700 0.000000 0.000000 0.000000 1.000000
0.964244 -0.102128 0.244548 0.072000 0.142447 0.977861 -0.153286 7.257300 -0.223479 0.182640 0.957444 -0.789700 0.000000 0.000000 0.000000 1.000000
0.976615 -0.077334 0.200604 0.072000 0.109607 0.981797 -0.155117 7.257300 -0.184957 0.173477 0.967314 -0.789700 0.000000 0.000000 0.000000 1.000000
0.984318 -0.062186 0.165080 0.072000 0.087573 0.984606 -0.151268 7.257300 -0.153132 0.163352 0.974611 -0.789700 0.000000 0.000000 0.000000 1.000000
0.991269 -0.047093 0.123157 0.072000 0.065329 0.986752 -0.148500 7.257300 -0.114532 0.155250 0.981214 -0.789700 0.000000 0.000000 0.000000 1.000000
0.996218 -0.031661 0.080920 0.072000 0.043287 0.988304 -0.146225 7.257300 -0.075344 0.149175 0.985936 -0.789700 0.000000 0.000000 0.000000 1.000000</float_array>
        <technique_common>
          <accessor source="#mixamorig_Spine-Matrix-animation-output-transform-array" count="37" stride="16">
            <param type="float4x4"/>
          </accessor>
        </technique_common>
      </source>
      <source id="mixamorig_Spine-Interpolations">
        <Name_array id="mixamorig_Spine-Interpolations-array" count="37">
 LINEAR LINEAR LINEAR LINEAR LINEAR LINEAR LINEAR LINEAR LINEAR LINEAR LINEAR
LINEAR LINEAR LINEAR LINEAR LINEAR LINEAR LINEAR LINEAR LINEAR LINEAR LINEAR LINEAR
LINEAR LINEAR LINEAR LINEAR LINEAR LINEAR LINEAR LINEAR LINEAR LINEAR LINEAR LINEAR
LINEAR LINEAR</Name_array>
        <technique_common>
          <accessor source="#mixamorig_Spine-Interpolations-array" count="37">
            <param type="name"/>
          </accessor>
        </technique_common>
      </source>
      <sampler id="mixamorig_Spine-Matrix-animation-transform">
        <input semantic="INPUT" source="#mixamorig_Spine-Matrix-animation-input"/>
        <input semantic="OUTPUT" source="#mixamorig_Spine-Matrix-animation-output-transform"/>
        <input semantic="INTERPOLATION" source="#mixamorig_Spine-Interpolations"/>
      </sampler>
      <channel source="#mixamorig_Spine-Matrix-animation-transform" target="mixamorig_Spine/matrix"/>
    </animation>
    <animation id="mixamorig_Spine1-anim" name="mixamorig_Spine1">
      <source id="mixamorig_Spine1-Matrix-animation-input">
        <float_array id="mixamorig_Spine1-Matrix-animation-input-array" count="37">

0.000000 0.033333 0.066667 0.100000 0.133333 0.166667 0.200000 0.233333 0.266667 0.300000 0.333333 0.366667 0.400000 0.433333 0.466667 0.500000
0.533333 0.566667 0.600000 0.633333 0.666667 0.700000 0.733333 0.766667 0.800000 0.833333 0.866667 0.900000 0.933333 0.966667 1.000000 1.033333
1.066667 1.100000 1.133333 1.166667 1.200000</float_array>
        <technique_common>
          <accessor source="#mixamorig_Spine1-Matrix-animation-input-array" count="37">
            <param name="TIME" type="float"/>
          </accessor>
        </technique_common>
      </source>
      <source id="mixamorig_Spine1-Matrix-animation-output-transform">
        <float_array id="mixamorig_Spine1-Matrix-animation-output-transform-array" count="592">

0.999582 0.007158 0.028023 -0.000000 -0.003235 0.990485 -0.137579 8.558700 -0.028741 0.137431 0.990094 -0.000000 0.000000 0.000000 0.000000 1.000000
0.999719 0.006195 0.022863 -0.000000 -0.003011 0.990602 -0.136742 8.558700 -0.023495 0.136635 0.990343 0.000000 0.000000 0.000000 0.000000 1.000000
0.999875 0.003550 0.015398 0.000000 -0.001415 0.990636 -0.136523 8.558700 -0.015738 0.136485 0.990517 0.000000 0.000000 0.000000 0.000000 1.000000
0.999976 0.001284 0.006862 0.000000 -0.000335 0.990641 -0.136492 8.558700 -0.006973 0.136486 0.990617 0.000000 0.000000 0.000000 0.000000 1.000000
0.999999 -0.000392 -0.001449 0.000000 0.000189 0.990553 -0.137131 8.558700 0.001489 0.137130 0.990552 0.000000 0.000000 0.000000 0.000000 1.000000
0.999942 -0.000977 -0.010767 0.000000 -0.000521 0.990402 -0.138217 8.558700 0.010798 0.138215 0.990343 0.000000 0.000000 0.000000 0.000000 1.000000
0.999816 -0.000916 -0.019147 0.000000 -0.001762 0.990238 -0.139377 8.558700 0.019088 0.139385 0.990054 -0.000000 0.000000 0.000000 0.000000 1.000000
0.999691 0.000124 -0.024853 -0.000000 -0.003608 0.990122 -0.140160 8.558700 0.024590 0.140206 0.989817 0.000000 0.000000 0.000000 0.000000 1.000000
0.999602 0.000986 -0.028195 -0.000000 -0.004912 0.990203 -0.139550 8.558700 0.027781 0.139633 0.989814 -0.000000 0.000000 0.000000 0.000000 1.000000
0.999584 -0.000992 -0.028810 0.000000 -0.003013 0.990339 -0.138631 8.558700 0.028669 0.138661 0.989925 0.000000 0.000000 0.000000 0.000000 1.000000
0.999631 -0.006511 -0.026377 0.000000 0.002727 0.990002 -0.141028 8.558700 0.027032 0.140904 0.989654 -0.000000 0.000000 0.000000 0.000000 1.000000
0.999701 -0.010141 -0.022234 -0.000000 0.006857 0.989687 -0.143083 8.558700 0.023455 0.142888 0.989461 0.000000 0.000000 0.000000 0.000000 1.000000
0.999746 -0.012625 -0.018691 -0.000000 0.009826 0.989685 -0.142920 8.558700 0.020303 0.142700 0.989558 0.000000 0.000000 0.000000 0.000000 1.000000
0.999785 -0.013225 -0.015966 -0.000000 0.010818 0.989755 -0.142368 8.558700 0.017686 0.142164 0.989685 0.000000 0.000000 0.000000 0.000000 1.000000
0.999888 -0.010008 -0.011119 0.000000 0.008324 0.989781 -0.142352 8.558700 0.012430 0.142244 0.989754 0.000000 0.000000 0.000000 0.000000 1.000000
0.999955 -0.007185 -0.006193 0.000000 0.006231 0.989818 -0.142199 8.558700 0.007151 0.142154 0.989819 0.000000 0.000000 0.000000 0.000000 1.000000
0.999972 -0.007498 -0.000670 0.000000 0.007328 0.989935 -0.141334 8.558700 0.001723 0.141325 0.989962 0.000000 0.000000 0.000000 0.000000 1.000000
0.999952 -0.007739 0.006052 0.000000 0.008510 0.990120 -0.139966 8.558700 -0.004909 0.140011 0.990138 0.000000 0.000000 0.000000 0.000000 1.000000
0.999883 -0.008886 0.012452 -0.000000 0.010534 0.990192 -0.139313 8.558700 -0.011092 0.139428 0.990170 0.000000 0.000000 0.000000 0.000000 1.000000
0.999775 -0.008837 0.019291 0.000000 0.011416 0.990370 -0.137976 8.558700 -0.017886 0.138165 0.990248 -0.000000 0.000000 0.000000 0.000000 1.000000
0.999633 -0.007355 0.026055 -0.000000 0.010881 0.990384 -0.137916 8.558700 -0.024790 0.138149 0.990101 0.000000 0.000000 0.000000 0.000000 1.000000
0.999424 -0.004945 0.033575 -0.000000 0.009550 0.990328 -0.138416 8.558700 -0.032565 0.138656 0.989805 -0.000000 0.000000 0.000000 0.000000 1.000000
0.999111 -0.001827 0.042113 0.000000 0.007634 0.990381 -0.138155 8.558700 -0.041455 0.138354 0.989515 0.000000 0.000000 0.000000 0.000000 1.000000
0.998641 0.000788 0.052106 -0.000000 0.006352 0.990590 -0.136718 8.558700 -0.051724 0.136863 0.989239 -0.000000 0.000000 0.000000 0.000000 1.000000
0.998065 0.001953 0.062154 -0.000000 0.006397 0.990980 -0.133860 8.558700 -0.061855 0.133998 0.989049 0.000000 0.000000 0.000000 0.000000 1.000000
0.997610 0.003185 0.069028 0.000000 0.005977 0.991216 -0.132118 8.558700 -0.068842 0.132215 0.988828 0.000000 0.000000 0.000000 0.000000 1.000000
0.997218 0.003276 0.074464 0.000000 0.006541 0.991333 -0.131210 8.558700 -0.074248 0.131332 0.988554 0.000000 0.000000 0.000000 0.000000 1.000000
0.997032 0.002046 0.076966 0.000000 0.008150 0.991226 -0.131928 8.558700 -0.076560 0.132164 0.988267 0.000000 0.000000 0.000000 0.000000 1.000000
0.997109 0.003874 0.075882 0.000000 0.006338 0.990978 -0.133877 8.558700 -0.075716 0.133971 0.988089 0.000000 0.000000 0.000000 0.000000 1.000000
0.997390 0.006397 0.071916 0.000000 0.003268 0.991046 -0.133480 8.558700 -0.072126 0.133367 0.988439 0.000000 0.000000 0.000000 0.000000 1.000000
0.997658 0.009712 0.067702 0.000000 -0.000587 0.991047 -0.133515 8.558700 -0.068393 0.133162 0.988732 0.000000 0.000000 0.000000 0.000000 1.000000
0.998026 0.010506 0.061914 0.000000 -0.002099 0.990936 -0.134319 8.558700 -0.062764 0.133924 0.989002 0.000000 0.000000 0.000000 0.000000 1.000000
0.998102 0.001344 0.061568 0.000000 0.006772 0.991304 -0.131415 8.558700 -0.061209 0.131582 0.989414 0.000000 0.000000 0.000000 0.000000 1.000000
0.998224 -0.005096 0.059359 -0.000000 0.012757 0.991508 -0.129418 8.558700 -0.058195 0.129946 0.989812 0.000000 0.000000 0.000000 0.000000 1.000000
0.998706 -0.001303 0.050835 0.000000 0.007985 0.991288 -0.131468 8.558700 -0.050221 0.131703 0.990016 0.000000 0.000000 0.000000 0.000000 1.000000
0.999204 0.003199 0.039751 -0.000000 0.002172 0.990932 -0.134347 8.558700 -0.039820 0.134327 0.990137 0.000000 0.000000 0.000000 0.000000 1.000000
0.999582 0.007158 0.028023 0.000000 -0.003235 0.990485 -0.137579 8.558700 -0.028741 0.137431 0.990094 0.000000 0.000000 0.000000 0.000000 1.000000</float_array>
        <technique_common>
          <accessor source="#mixamorig_Spine1-Matrix-animation-output-transform-array" count="37" stride="16">
            <param type="float4x4"/>
          </accessor>
        </technique_common>
      </source>
      <source id="mixamorig_Spine1-Interpolations">
        <Name_array id="mixamorig_Spine1-Interpolations-array" count="37">
 LINEAR LINEAR LINEAR LINEAR LINEAR LINEAR LINEAR LINEAR LINEAR LINEAR LINEAR
LINEAR LINEAR LINEAR LINEAR LINEAR LINEAR LINEAR LINEAR LINEAR LINEAR LINEAR LINEAR
LINEAR LINEAR LINEAR LINEAR LINEAR LINEAR LINEAR LINEAR LINEAR LINEAR LINEAR LINEAR
LINEAR LINEAR</Name_array>
        <technique_common>
          <accessor source="#mixamorig_Spine1-Interpolations-array" count="37">
            <param type="name"/>
          </accessor>
        </technique_common>
      </source>
      <sampler id="mixamorig_Spine1-Matrix-animation-transform">
        <input semantic="INPUT" source="#mixamorig_Spine1-Matrix-animation-input"/>
        <input semantic="OUTPUT" source="#mixamorig_Spine1-Matrix-animation-output-transform"/>
        <input semantic="INTERPOLATION" source="#mixamorig_Spine1-Interpolations"/>
      </sampler>
      <channel source="#mixamorig_Spine1-Matrix-animation-transform" target="mixamorig_Spine1/matrix"/>
    </animation>
    <animation id="mixamorig_Spine2-anim" name="mixamorig_Spine2">
      <source id="mixamorig_Spine2-Matrix-animation-input">
        <float_array id="mixamorig_Spine2-Matrix-animation-input-array" count="37">

0.000000 0.033333 0.066667 0.100000 0.133333 0.166667 0.200000 0.233333 0.266667 0.300000 0.333333 0.366667 0.400000 0.433333 0.466667 0.500000
0.533333 0.566667 0.600000 0.633333 0.666667 0.700000 0.733333 0.766667 0.800000 0.833333 0.866667 0.900000 0.933333 0.966667 1.000000 1.033333
1.066667 1.100000 1.133333 1.166667 1.200000</float_array>
        <technique_common>
          <accessor source="#mixamorig_Spine2-Matrix-animation-input-array" count="37">
            <param name="TIME" type="float"/>
          </accessor>
        </technique_common>
      </source>
      <source id="mixamorig_Spine2-Matrix-animation-output-transform">
        <float_array id="mixamorig_Spine2-Matrix-animation-output-transform-array" count="592">

0.999514 0.007353 0.030287 0.000000 -0.000255 0.973668 -0.227969 29.149500 -0.031165 0.227850 0.973197 1.721100 0.000000 0.000000 0.000000 1.000000
0.999665 0.005869 0.025217 0.000000 0.000012 0.973866 -0.227124 29.149500 -0.025891 0.227049 0.973539 1.721100 0.000000 0.000000 0.000000 1.000000
0.999834 0.002496 0.018072 0.000000 0.001669 0.973925 -0.226865 29.149500 -0.018167 0.226857 0.973759 1.721100 0.000000 0.000000 0.000000 1.000000
0.999952 -0.000578 0.009785 -0.000000 0.002782 0.973940 -0.226788 29.149500 -0.009399 0.226804 0.973895 1.721100 0.000000 0.000000 0.000000 1.000000
0.999994 -0.003016 0.001651 -0.000000 0.003313 0.973801 -0.227376 29.149500 -0.000922 0.227380 0.973806 1.721100 0.000000 0.000000 0.000000 1.000000
0.999961 -0.004442 -0.007588 0.000000 0.002592 0.973559 -0.228422 29.149500 0.008402 0.228394 0.973533 1.721100 0.000000 0.000000 0.000000 1.000000
0.999860 -0.005140 -0.015943 0.000000 0.001342 0.973291 -0.229570 29.149500 0.016697 0.229516 0.973162 1.721100 0.000000 0.000000 0.000000 1.000000
0.999754 -0.004653 -0.021703 0.000000 -0.000472 0.973103 -0.230368 29.149500 0.022191 0.230322 0.972861 1.721100 0.000000 0.000000 0.000000 1.000000
0.999681 -0.004174 -0.024928 0.000000 -0.001668 0.973225 -0.229848 29.149500 0.025220 0.229816 0.972907 1.721100 0.000000 0.000000 0.000000 1.000000
0.999668 -0.006286 -0.024984 0.000000 0.000395 0.973404 -0.229093 29.149500 0.025760 0.229007 0.973084 1.721100 0.000000 0.000000 0.000000 1.000000
0.999701 -0.011543 -0.021544 0.000000 0.006239 0.972769 -0.231693 29.149500 0.023632 0.231490 0.972550 1.721100 0.000000 0.000000 0.000000 1.000000
0.999756 -0.014696 -0.016490 0.000000 0.010434 0.972213 -0.233865 29.149500 0.019469 0.233636 0.972129 1.721100 0.000000 0.000000 0.000000 1.000000
0.999786 -0.016719 -0.012207 0.000000 0.013403 0.972196 -0.233787 29.149500 0.015776 0.233573 0.972211 1.721100 0.000000 0.000000 0.000000 1.000000
0.999815 -0.016976 -0.009079 0.000000 0.014391 0.972324 -0.233194 29.149500 0.012786 0.233020 0.972388 1.721100 0.000000 0.000000 0.000000 1.000000
0.999903 -0.013225 -0.004370 0.000000 0.011843 0.972419 -0.232941 29.149500 0.007330 0.232866 0.972481 1.721100 0.000000 0.000000 0.000000 1.000000
0.999952 -0.009828 0.000381 0.000000 0.009648 0.972525 -0.232599 29.149500 0.001915 0.232591 0.972573 1.721100 0.000000 0.000000 0.000000 1.000000
0.999937 -0.009490 0.006045 0.000000 0.010632 0.972753 -0.231600 29.149500 -0.003682 0.231650 0.972792 1.721100 0.000000 0.000000 0.000000 1.000000
0.999877 -0.008972 0.012890 0.000000 0.011698 0.973100 -0.230088 29.149500 -0.010479 0.230210 0.973085 1.721100 0.000000 0.000000 0.000000 1.000000
0.999766 -0.009408 0.019493 -0.000000 0.013629 0.973264 -0.229284 29.149500 -0.016815 0.229496 0.973164 1.721100 0.000000 0.000000 0.000000 1.000000
0.999615 -0.008637 0.026380 0.000000 0.014424 0.973603 -0.227791 29.149500 -0.023716 0.228084 0.973353 1.721100 0.000000 0.000000 0.000000 1.000000
0.999434 -0.006464 0.033027 0.000000 0.013818 0.973667 -0.227555 29.149500 -0.030687 0.227883 0.973205 1.721100 0.000000 0.000000 0.000000 1.000000
0.999181 -0.003310 0.040327 -0.000000 0.012421 0.973618 -0.227847 29.149500 -0.038509 0.228161 0.972862 1.721100 0.000000 0.000000 0.000000 1.000000
0.998823 0.000614 0.048508 0.000000 0.010444 0.973750 -0.227379 29.149500 -0.047375 0.227618 0.972597 1.721100 0.000000 0.000000 0.000000 1.000000
0.998298 0.004187 0.058174 0.000000 0.009068 0.974150 -0.225719 29.149500 -0.057615 0.225862 0.972454 1.721100 0.000000 0.000000 0.000000 1.000000
0.997666 0.006353 0.067990 0.000000 0.008967 0.974853 -0.222669 29.149500 -0.067695 0.222759 0.972520 1.721100 0.000000 0.000000 0.000000 1.000000
0.997180 0.008263 0.074596 -0.000000 0.008440 0.975268 -0.220866 29.149500 -0.074576 0.220873 0.972447 1.721100 0.000000 0.000000 0.000000 1.000000
0.996768 0.008914 0.079834 -0.000000 0.008899 0.975454 -0.220023 29.149500 -0.079836 0.220023 0.972222 1.721100 0.000000 0.000000 0.000000 1.000000
0.996574 0.007981 0.082319 0.000000 0.010435 0.975244 -0.220884 29.149500 -0.082044 0.220987 0.971820 1.721100 0.000000 0.000000 0.000000 1.000000
0.996685 0.009715 0.080777 0.000000 0.008591 0.974728 -0.223229 29.149500 -0.080905 0.223183 0.971413 1.721100 0.000000 0.000000 0.000000 1.000000
0.997035 0.012060 0.076004 0.000000 0.005239 0.974715 -0.223391 29.149500 -0.076776 0.223127 0.971761 1.721100 0.000000 0.000000 0.000000 1.000000
0.997376 0.014987 0.070834 0.000000 0.001257 0.974610 -0.223908 29.149500 -0.072391 0.223409 0.972033 1.721100 0.000000 0.000000 0.000000 1.000000
0.997805 0.014995 0.064507 0.000000 -0.000101 0.974374 -0.224934 29.149500 -0.066227 0.224433 0.972236 1.721100 0.000000 0.000000 0.000000 1.000000
0.997832 0.007050 0.065427 -0.000000 0.007637 0.975119 -0.221551 29.149500 -0.065361 0.221570 0.972952 1.721100 0.000000 0.000000 0.000000 1.000000
0.997942 0.001019 0.064122 0.000000 0.013096 0.975566 -0.219317 29.149500 -0.062778 0.219706 0.973544 1.721100 0.000000 0.000000 0.000000 1.000000
0.998501 0.003199 0.054636 -0.000000 0.009002 0.975093 -0.221613 29.149500 -0.053984 0.221773 0.973603 1.721100 0.000000 0.000000 0.000000 1.000000
0.999072 0.005594 0.042704 0.000000 0.004147 0.974431 -0.224650 29.149500 -0.042869 0.224618 0.973503 1.721100 0.000000 0.000000 0.000000 1.000000
0.999514 0.007353 0.030287 0.000000 -0.000255 0.973668 -0.227969 29.149500 -0.031165 0.227850 0.973197 1.721100 0.000000 0.000000 0.000000 1.000000</float_array>
        <technique_common>
          <accessor source="#mixamorig_Spine2-Matrix-animation-output-transform-array" count="37" stride="16">
            <param type="float4x4"/>
          </accessor>
        </technique_common>
      </source>
      <source id="mixamorig_Spine2-Interpolations">
        <Name_array id="mixamorig_Spine2-Interpolations-array" count="37">
 LINEAR LINEAR LINEAR LINEAR LINEAR LINEAR LINEAR LINEAR LINEAR LINEAR LINEAR
LINEAR LINEAR LINEAR LINEAR LINEAR LINEAR LINEAR LINEAR LINEAR LINEAR LINEAR LINEAR
LINEAR LINEAR LINEAR LINEAR LINEAR LINEAR LINEAR LINEAR LINEAR LINEAR LINEAR LINEAR
LINEAR LINEAR</Name_array>
        <technique_common>
          <accessor source="#mixamorig_Spine2-Interpolations-array" count="37">
            <param type="name"/>
          </accessor>
        </technique_common>
      </source>
      <sampler id="mixamorig_Spine2-Matrix-animation-transform">
        <input semantic="INPUT" source="#mixamorig_Spine2-Matrix-animation-input"/>
        <input semantic="OUTPUT" source="#mixamorig_Spine2-Matrix-animation-output-transform"/>
        <input semantic="INTERPOLATION" source="#mixamorig_Spine2-Interpolations"/>
      </sampler>
      <channel source="#mixamorig_Spine2-Matrix-animation-transform" target="mixamorig_Spine2/matrix"/>
    </animation>
    <animation id="mixamorig_Neck-anim" name="mixamorig_Neck">
      <source id="mixamorig_Neck-Matrix-animation-input">
        <float_array id="mixamorig_Neck-Matrix-animation-input-array" count="37">

0.000000 0.033333 0.066667 0.100000 0.133333 0.166667 0.200000 0.233333 0.266667 0.300000 0.333333 0.366667 0.400000 0.433333 0.466667 0.500000
0.533333 0.566667 0.600000 0.633333 0.666667 0.700000 0.733333 0.766667 0.800000 0.833333 0.866667 0.900000 0.933333 0.966667 1.000000 1.033333
1.066667 1.100000 1.133333 1.166667 1.200000</float_array>
        <technique_common>
          <accessor source="#mixamorig_Neck-Matrix-animation-input-array" count="37">
            <param name="TIME" type="float"/>
          </accessor>
        </technique_common>
      </source>
      <source id="mixamorig_Neck-Matrix-animation-output-transform">
        <float_array id="mixamorig_Neck-Matrix-animation-output-transform-array" count="592">

0.999855 -0.005495 -0.016093 -0.000000 0.005761 0.999847 0.016536 13.857900 0.016000 -0.016626 0.999734 7.405300 0.000000 0.000000 0.000000 1.000000
0.999910 -0.003608 -0.012916 0.000000 0.003807 0.999874 0.015402 13.857900 0.012859 -0.015450 0.999798 7.405300 0.000000 0.000000 0.000000 1.000000
0.999963 -0.001095 -0.008561 0.000000 0.001216 0.999900 0.014089 13.857900 0.008544 -0.014099 0.999864 7.405300 0.000000 0.000000 0.000000 1.000000
0.999996 0.000479 -0.002722 -0.000000 -0.000440 0.999896 0.014428 13.857900 0.002729 -0.014427 0.999892 7.405300 0.000000 0.000000 0.000000 1.000000
0.999992 0.002055 0.003289 0.000000 -0.002097 0.999917 0.012751 13.857900 -0.003263 -0.012758 0.999913 7.405300 0.000000 0.000000 0.000000 1.000000
0.999951 0.002589 0.009531 -0.000000 -0.002694 0.999936 0.011029 13.857900 -0.009502 -0.011054 0.999894 7.405300 0.000000 0.000000 0.000000 1.000000
0.999874 0.004643 0.015163 0.000000 -0.004809 0.999928 0.010969 13.857900 -0.015111 -0.011041 0.999825 7.405300 0.000000 0.000000 0.000000 1.000000
0.999790 0.007699 0.019012 -0.000000 -0.007952 0.999880 0.013317 13.857900 -0.018908 -0.013465 0.999731 7.405300 0.000000 0.000000 0.000000 1.000000
0.999731 0.008994 0.021364 0.000000 -0.009383 0.999790 0.018198 13.857900 -0.021196 -0.018394 0.999606 7.405300 0.000000 0.000000 0.000000 1.000000
0.999661 0.011773 0.023217 0.000000 -0.012340 0.999626 0.024419 13.857900 -0.022921 -0.024697 0.999432 7.405300 0.000000 0.000000 0.000000 1.000000
0.999575 0.015223 0.024877 0.000000 -0.015945 0.999449 0.029122 13.857900 -0.024420 -0.029506 0.999266 7.405300 0.000000 0.000000 0.000000 1.000000
0.999533 0.016473 0.025751 -0.000000 -0.017278 0.999360 0.031332 13.857900 -0.025218 -0.031763 0.999177 7.405300 0.000000 0.000000 0.000000 1.000000
0.999536 0.014877 0.026588 0.000000 -0.015696 0.999400 0.030862 13.857900 -0.026113 -0.031265 0.999170 7.405300 0.000000 0.000000 0.000000 1.000000
0.999513 0.014669 0.027555 0.000000 -0.015512 0.999410 0.030646 13.857900 -0.027090 -0.031059 0.999150 7.405300 0.000000 0.000000 0.000000 1.000000
0.999519 0.015488 0.026865 -0.000000 -0.016306 0.999402 0.030506 13.857900 -0.026376 -0.030929 0.999174 7.405300 0.000000 0.000000 0.000000 1.000000
0.999569 0.014614 0.025468 0.000000 -0.015325 0.999491 0.027981 13.857900 -0.025046 -0.028359 0.999284 7.405300 0.000000 0.000000 0.000000 1.000000
0.999655 0.012773 0.022955 0.000000 -0.013345 0.999599 0.024959 13.857900 -0.022627 -0.025257 0.999425 7.405300 0.000000 0.000000 0.000000 1.000000
0.999787 0.008882 0.018654 0.000000 -0.009265 0.999746 0.020551 13.857900 -0.018466 -0.020719 0.999615 7.405300 0.000000 0.000000 0.000000 1.000000
0.999868 0.007223 0.014521 0.000000 -0.007488 0.999806 0.018234 13.857900 -0.014386 -0.018341 0.999728 7.405300 0.000000 0.000000 0.000000 1.000000
0.999949 0.004522 0.009045 0.000000 -0.004653 0.999883 0.014549 13.857900 -0.008978 -0.014591 0.999853 7.405300 0.000000 0.000000 0.000000 1.000000
0.999992 0.002638 0.002974 -0.000000 -0.002676 0.999915 0.012724 13.857900 -0.002940 -0.012732 0.999915 7.405300 0.000000 0.000000 0.000000 1.000000
0.999990 0.002736 -0.003648 -0.000000 -0.002696 0.999937 0.010927 13.857900 0.003678 -0.010917 0.999934 7.405300 0.000000 0.000000 0.000000 1.000000
0.999933 0.002711 -0.011241 0.000000 -0.002628 0.999970 0.007342 13.857900 0.011261 -0.007312 0.999910 7.405300 0.000000 0.000000 0.000000 1.000000
0.999812 0.002702 -0.019207 -0.000000 -0.002615 0.999986 0.004555 13.857900 0.019219 -0.004504 0.999805 7.405300 0.000000 0.000000 0.000000 1.000000
0.999643 0.002408 -0.026600 -0.000000 -0.002312 0.999991 0.003626 13.857900 0.026609 -0.003564 0.999640 7.405300 0.000000 0.000000 0.000000 1.000000
0.999475 0.000610 -0.032399 -0.000000 -0.000445 0.999987 0.005085 13.857900 0.032401 -0.005068 0.999462 7.405300 0.000000 0.000000 0.000000 1.000000
0.999317 -0.000909 -0.036944 0.000000 0.001159 0.999977 0.006737 13.857900 0.036937 -0.006775 0.999295 7.405300 0.000000 0.000000 0.000000 1.000000
0.999207 -0.002701 -0.039718 0.000000 0.003108 0.999943 0.010201 13.857900 0.039688 -0.010316 0.999159 7.405300 0.000000 0.000000 0.000000 1.000000
0.999178 -0.005644 -0.040152 -0.000000 0.006220 0.999879 0.014249 13.857900 0.040067 -0.014487 0.999092 7.405300 0.000000 0.000000 0.000000 1.000000
0.999227 -0.007453 -0.038588 -0.000000 0.008174 0.999795 0.018545 13.857900 0.038442 -0.018846 0.999083 7.405300 0.000000 0.000000 0.000000 1.000000
0.999325 -0.007006 -0.036065 0.000000 0.007824 0.999714 0.022592 13.857900 0.035897 -0.022859 0.999094 7.405300 0.000000 0.000000 0.000000 1.000000
0.999433 -0.008027 -0.032684 -0.000000 0.008893 0.999611 0.026428 13.857900 0.032460 -0.026703 0.999116 7.405300 0.000000 0.000000 0.000000 1.000000
0.999483 -0.007802 -0.031200 0.000000 0.008561 0.999669 0.024258 13.857900 0.031001 -0.024512 0.999219 7.405300 0.000000 0.000000 0.000000 1.000000
0.999568 -0.008206 -0.028231 0.000000 0.008800 0.999741 0.020972 13.857900 0.028052 -0.021212 0.999381 7.405300 0.000000 0.000000 0.000000 1.000000
0.999681 -0.008488 -0.023790 0.000000 0.008906 0.999807 0.017509 13.857900 0.023637 -0.017715 0.999564 7.405300 0.000000 0.000000 0.000000 1.000000
0.999772 -0.007405 -0.020031 0.000000 0.007744 0.999827 0.016917 13.857900 0.019902 -0.017068 0.999656 7.405300 0.000000 0.000000 0.000000 1.000000
0.999855 -0.005495 -0.016093 0.000000 0.005761 0.999847 0.016536 13.857900 0.016000 -0.016626 0.999734 7.405300 0.000000 0.000000 0.000000 1.000000</float_array>
        <technique_common>
          <accessor source="#mixamorig_Neck-Matrix-animation-output-transform-array" count="37" stride="16">
            <param type="float4x4"/>
          </accessor>
        </technique_common>
      </source>
      <source id="mixamorig_Neck-Interpolations">
        <Name_array id="mixamorig_Neck-Interpolations-array" count="37">
 LINEAR LINEAR LINEAR LINEAR LINEAR LINEAR LINEAR LINEAR LINEAR LINEAR LINEAR
LINEAR LINEAR LINEAR LINEAR LINEAR LINEAR LINEAR LINEAR LINEAR LINEAR LINEAR LINEAR
LINEAR LINEAR LINEAR LINEAR LINEAR LINEAR LINEAR LINEAR LINEAR LINEAR LINEAR LINEAR
LINEAR LINEAR</Name_array>
        <technique_common>
          <accessor source="#mixamorig_Neck-Interpolations-array" count="37">
            <param type="name"/>
          </accessor>
        </technique_common>
      </source>
      <sampler id="mixamorig_Neck-Matrix-animation-transform">
        <input semantic="INPUT" source="#mixamorig_Neck-Matrix-animation-input"/>
        <input semantic="OUTPUT" source="#mixamorig_Neck-Matrix-animation-output-transform"/>
        <input semantic="INTERPOLATION" source="#mixamorig_Neck-Interpolations"/>
      </sampler>
      <channel source="#mixamorig_Neck-Matrix-animation-transform" target="mixamorig_Neck/matrix"/>
    </animation>
    <animation id="mixamorig_Head-anim" name="mixamorig_Head">
      <source id="mixamorig_Head-Matrix-animation-input">
        <float_array id="mixamorig_Head-Matrix-animation-input-array" count="37">

0.000000 0.033333 0.066667 0.100000 0.133333 0.166667 0.200000 0.233333 0.266667 0.300000 0.333333 0.366667 0.400000 0.433333 0.466667 0.500000
0.533333 0.566667 0.600000 0.633333 0.666667 0.700000 0.733333 0.766667 0.800000 0.833333 0.866667 0.900000 0.933333 0.966667 1.000000 1.033333
1.066667 1.100000 1.133333 1.166667 1.200000</float_array>
        <technique_common>
          <accessor source="#mixamorig_Head-Matrix-animation-input-array" count="37">
            <param name="TIME" type="float"/>
          </accessor>
        </technique_common>
