<?xml version="1.0" encoding="utf-8"?>
<COLLADA xmlns="http://www.collada.org/2005/11/COLLADASchema" version="1.4.1">
  <asset>
    <contributor>
      <author>Mixamo</author>
      <authoring_tool>COLLADA Mixamo exporter</authoring_tool>
      <comments/>
    </contributor>
    <created>2024-02-29T18:58:02Z</created>
    <modified>2024-02-29T18:58:02Z</modified>
    <revision/>
    <title/>
    <unit meter="0.010000"/>
    <up_axis>Y_UP</up_axis>
  </asset>
  <library_animations>
    <animation id="mixamorig_Hips-anim" name="mixamorig_Hips">
      <source id="mixamorig_Hips-Matrix-animation-input">
        <float_array id="mixamorig_Hips-Matrix-animation-input-array" count="22">

0.000000 0.033333 0.066667 0.100000 0.133333 0.166667 0.200000 0.233333 0.266667 0.300000 0.333333 0.366667 0.400000 0.433333 0.466667 0.500000
0.533333 0.566667 0.600000 0.633333 0.666667 0.700000</float_array>
        <technique_common>
          <accessor source="#mixamorig_Hips-Matrix-animation-input-array" count="22">
            <param name="TIME" type="float"/>
          </accessor>
        </technique_common>
      </source>
      <source id="mixamorig_Hips-Matrix-animation-output-transform">
        <float_array id="mixamorig_Hips-Matrix-animation-output-transform-array" count="352">

0.992731 0.104726 0.059311 -0.649237 -0.098793 0.990524 -0.095410 101.247307 -0.068740 0.088857 0.993670 -1.118694 0.000000 0.000000 0.000000 1.000000
0.994797 0.092869 0.041877 0.371018 -0.088595 0.991584 -0.094401 105.158669 -0.050291 0.090200 0.994653 2.598117 0.000000 0.000000 0.000000 1.000000
0.996046 0.071520 0.052690 0.725505 -0.066695 0.993863 -0.088253 111.700638 -0.058679 0.084390 0.994704 5.908748 0.000000 0.000000 0.000000 1.000000
0.995703 0.019607 0.090503 1.154046 -0.011507 0.995950 -0.089168 117.531082 -0.091885 0.087743 0.991896 8.050513 0.000000 0.000000 0.000000 1.000000
0.995577 -0.003567 0.093883 1.172062 0.012380 0.995547 -0.093455 118.198929 -0.093132 0.094204 0.991187 8.781164 0.000000 0.000000 0.000000 1.000000
0.998551 -0.009521 0.052968 1.332609 0.013259 0.997412 -0.070664 117.038979 -0.052159 0.071264 0.996093 7.641122 0.000000 0.000000 0.000000 1.000000
0.998475 -0.021816 0.050705 1.346793 0.024360 0.998446 -0.050123 115.346588 -0.049533 0.051282 0.997455 5.884799 0.000000 0.000000 0.000000 1.000000
0.996409 -0.035153 0.077023 1.193204 0.038443 0.998392 -0.041650 112.710358 -0.075435 0.044461 0.996159 3.448536 0.000000 0.000000 0.000000 1.000000
0.996319 -0.041598 0.074959 0.572585 0.044586 0.998258 -0.038650 106.188957 -0.073220 0.041850 0.996437 0.961108 0.000000 0.000000 0.000000 1.000000
0.996161 -0.051724 0.070629 0.039533 0.055756 0.996853 -0.056358 100.338089 -0.067491 0.060079 0.995909 -1.103834 0.000000 0.000000 0.000000 1.000000
0.994966 -0.062823 0.078074 -0.461571 0.067971 0.995560 -0.065120 98.878975 -0.073636 0.070099 0.994819 -1.192495 0.000000 0.000000 0.000000 1.000000
0.995157 -0.042931 0.088432 -0.396262 0.049352 0.996201 -0.071754 102.083885 -0.085016 0.075771 0.993494 1.168057 0.000000 0.000000 0.000000 1.000000
0.997933 -0.010404 0.063413 -0.197989 0.016119 0.995785 -0.090295 107.539398 -0.062206 0.091131 0.993894 4.574947 0.000000 0.000000 0.000000 1.000000
0.998936 0.044260 0.012967 -0.124323 -0.042297 0.991253 -0.125016 112.004501 -0.018386 0.124334 0.992070 5.444656 0.000000 0.000000 0.000000 1.000000
0.997450 0.071367 0.000310 0.158286 -0.070482 0.985753 -0.152718 115.767036 -0.011205 0.152307 0.988270 3.901119 0.000000 0.000000 0.000000 1.000000
0.997046 0.076341 0.008400 0.226098 -0.074538 0.988211 -0.133727 115.641861 -0.018510 0.132706 0.990983 2.542812 0.000000 0.000000 0.000000 1.000000
0.997128 0.074241 0.014998 0.063557 -0.072066 0.990893 -0.113746 113.801765 -0.023306 0.112339 0.993397 1.791645 0.000000 0.000000 0.000000 1.000000
0.996112 0.080819 0.035051 -0.185544 -0.076424 0.990715 -0.112442 110.945633 -0.043813 0.109326 0.993040 -0.420121 0.000000 0.000000 0.000000 1.000000
0.995171 0.076290 0.061768 -0.482892 -0.069154 0.991478 -0.110404 106.324226 -0.069665 0.105599 0.991966 -1.348622 0.000000 0.000000 0.000000 1.000000
0.991436 0.102771 0.080581 -0.882956 -0.093301 0.989138 -0.113579 101.071342 -0.091378 0.105088 0.990256 -3.083598 0.000000 0.000000 0.000000 1.000000
0.986974 0.133475 0.089813 -0.938757 -0.124156 0.986965 -0.102402 98.872910 -0.102310 0.089917 0.990680 -3.201977 0.000000 0.000000 0.000000 1.000000
0.992731 0.104726 0.059311 -0.649237 -0.098793 0.990524 -0.095410 101.247307 -0.068740 0.088857 0.993670 -1.118694 0.000000 0.000000 0.000000 1.000000</float_array>
        <technique_common>
          <accessor source="#mixamorig_Hips-Matrix-animation-output-transform-array" count="22" stride="16">
            <param type="float4x4"/>
          </accessor>
        </technique_common>
      </source>
      <source id="mixamorig_Hips-Interpolations">
        <Name_array id="mixamorig_Hips-Interpolations-array" count="22">
 LINEAR LINEAR LINEAR LINEAR LINEAR LINEAR LINEAR LINEAR LINEAR LINEAR LINEAR
LINEAR LINEAR LINEAR LINEAR LINEAR LINEAR LINEAR LINEAR LINEAR LINEAR LINEAR</Name_array>
        <technique_common>
          <accessor source="#mixamorig_Hips-Interpolations-array" count="22">
            <param type="name"/>
          </accessor>
        </technique_common>
      </source>
      <sampler id="mixamorig_Hips-Matrix-animation-transform">
        <input semantic="INPUT" source="#mixamorig_Hips-Matrix-animation-input"/>
        <input semantic="OUTPUT" source="#mixamorig_Hips-Matrix-animation-output-transform"/>
        <input semantic="INTERPOLATION" source="#mixamorig_Hips-Interpolations"/>
      </sampler>
      <channel source="#mixamorig_Hips-Matrix-animation-transform" target="mixamorig_Hips/matrix"/>
    </animation>
    <animation id="mixamorig_Spine-anim" name="mixamorig_Spine">
      <source id="mixamorig_Spine-Matrix-animation-input">
        <float_array id="mixamorig_Spine-Matrix-animation-input-array" count="22">

0.000000 0.033333 0.066667 0.100000 0.133333 0.166667 0.200000 0.233333 0.266667 0.300000 0.333333 0.366667 0.400000 0.433333 0.466667 0.500000
0.533333 0.566667 0.600000 0.633333 0.666667 0.700000</float_array>
        <technique_common>
          <accessor source="#mixamorig_Spine-Matrix-animation-input-array" count="22">
            <param name="TIME" type="float"/>
          </accessor>
        </technique_common>
      </source>
      <source id="mixamorig_Spine-Matrix-animation-output-transform">
        <float_array id="mixamorig_Spine-Matrix-animation-output-transform-array" count="352">

0.996835 -0.078582 0.012004 0.072000 0.078468 0.996869 0.009742 7.257300 -0.012732 -0.008769 0.999880 -0.789700 0.000000 0.000000 0.000000 1.000000
0.995988 -0.079849 0.040392 0.072000 0.079149 0.996689 0.018642 7.257300 -0.041746 -0.015370 0.999010 -0.789700 0.000000 0.000000 0.000000 1.000000
0.995791 -0.065629 0.063980 0.072000 0.063972 0.997569 0.027616 7.257300 -0.065637 -0.023407 0.997569 -0.789700 0.000000 0.000000 0.000000 1.000000
0.996776 -0.023273 0.076790 0.072000 0.020503 0.999117 0.036673 7.257300 -0.077575 -0.034981 0.996373 -0.789700 0.000000 0.000000 0.000000 1.000000
0.996103 0.005822 0.088002 0.072000 -0.009817 0.998937 0.045029 7.257300 -0.087647 -0.045718 0.995102 -0.789700 0.000000 0.000000 0.000000 1.000000
0.994847 0.019716 0.099447 0.072000 -0.023990 0.998831 0.041964 7.257300 -0.098504 -0.044133 0.994158 -0.789700 0.000000 0.000000 0.000000 1.000000
0.994006 0.032224 0.104466 0.072000 -0.035987 0.998762 0.034341 7.257300 -0.103230 -0.037895 0.993935 -0.789700 0.000000 0.000000 0.000000 1.000000
0.993672 0.044658 0.103064 0.072000 -0.047395 0.998582 0.024263 7.257300 -0.101834 -0.028994 0.994379 -0.789700 0.000000 0.000000 0.000000 1.000000
0.994079 0.050663 0.096126 0.072000 -0.052094 0.998565 0.012438 7.257300 -0.095358 -0.017372 0.995291 -0.789700 0.000000 0.000000 0.000000 1.000000
0.995925 0.064325 0.063207 0.072000 -0.064764 0.997888 0.004927 7.257300 -0.062756 -0.009001 0.997988 -0.789700 0.000000 0.000000 0.000000 1.000000
0.996685 0.079555 0.017016 0.072000 -0.079570 0.996829 0.000168 7.257300 -0.016948 -0.001522 0.999855 -0.789700 0.000000 0.000000 0.000000 1.000000
0.996503 0.080518 -0.022309 0.072000 -0.080504 0.996753 0.001534 7.257300 0.022361 0.000267 0.999750 -0.789700 0.000000 0.000000 0.000000 1.000000
0.996659 0.061290 -0.053981 0.072000 -0.060769 0.998088 0.011247 7.257300 0.054567 -0.007929 0.998479 -0.789700 0.000000 0.000000 0.000000 1.000000
0.996628 0.014581 -0.080745 0.072000 -0.012994 0.999713 0.020142 7.257300 0.081016 -0.019025 0.996531 -0.789700 0.000000 0.000000 0.000000 1.000000
0.995444 -0.025466 -0.091886 0.072000 0.027698 0.999349 0.023100 7.257300 0.091238 -0.025540 0.995502 -0.789700 0.000000 0.000000 0.000000 1.000000
0.994049 -0.045742 -0.098867 0.072000 0.047478 0.998756 0.015274 7.257300 0.098045 -0.019877 0.994983 -0.789700 0.000000 0.000000 0.000000 1.000000
0.993615 -0.052737 -0.099738 0.072000 0.054080 0.998478 0.010805 7.257300 0.099016 -0.016130 0.994955 -0.789700 0.000000 0.000000 0.000000 1.000000
0.992836 -0.062271 -0.101974 0.072000 0.063447 0.997950 0.008327 7.257300 0.101247 -0.014738 0.994752 -0.789700 0.000000 0.000000 0.000000 1.000000
0.993282 -0.064505 -0.096072 0.072000 0.065332 0.997848 0.005490 7.257300 0.095511 -0.011730 0.995359 -0.789700 0.000000 0.000000 0.000000 1.000000
0.994794 -0.075125 -0.068858 0.072000 0.075388 0.997154 0.001219 7.257300 0.068571 -0.006404 0.997626 -0.789700 0.000000 0.000000 0.000000 1.000000
0.995461 -0.089080 -0.033496 0.072000 0.089164 0.996016 0.001015 7.257300 0.033273 -0.003997 0.999438 -0.789700 0.000000 0.000000 0.000000 1.000000
0.996835 -0.078582 0.012004 0.072000 0.078468 0.996869 0.009742 7.257300 -0.012732 -0.008769 0.999880 -0.789700 0.000000 0.000000 0.000000 1.000000</float_array>
        <technique_common>
          <accessor source="#mixamorig_Spine-Matrix-animation-output-transform-array" count="22" stride="16">
            <param type="float4x4"/>
          </accessor>
        </technique_common>
      </source>
      <source id="mixamorig_Spine-Interpolations">
        <Name_array id="mixamorig_Spine-Interpolations-array" count="22">
 LINEAR LINEAR LINEAR LINEAR LINEAR LINEAR LINEAR LINEAR LINEAR LINEAR LINEAR
LINEAR LINEAR LINEAR LINEAR LINEAR LINEAR LINEAR LINEAR LINEAR LINEAR LINEAR</Name_array>
        <technique_common>
          <accessor source="#mixamorig_Spine-Interpolations-array" count="22">
            <param type="name"/>
          </accessor>
        </technique_common>
      </source>
      <sampler id="mixamorig_Spine-Matrix-animation-transform">
        <input semantic="INPUT" source="#mixamorig_Spine-Matrix-animation-input"/>
        <input semantic="OUTPUT" source="#mixamorig_Spine-Matrix-animation-output-transform"/>
        <input semantic="INTERPOLATION" source="#mixamorig_Spine-Interpolations"/>
      </sampler>
      <channel source="#mixamorig_Spine-Matrix-animation-transform" target="mixamorig_Spine/matrix"/>
    </animation>
    <animation id="mixamorig_Spine1-anim" name="mixamorig_Spine1">
      <source id="mixamorig_Spine1-Matrix-animation-input">
        <float_array id="mixamorig_Spine1-Matrix-animation-input-array" count="22">

0.000000 0.033333 0.066667 0.100000 0.133333 0.166667 0.200000 0.233333 0.266667 0.300000 0.333333 0.366667 0.400000 0.433333 0.466667 0.500000
0.533333 0.566667 0.600000 0.633333 0.666667 0.700000</float_array>
        <technique_common>
          <accessor source="#mixamorig_Spine1-Matrix-animation-input-array" count="22">
            <param name="TIME" type="float"/>
          </accessor>
        </technique_common>
      </source>
      <source id="mixamorig_Spine1-Matrix-animation-output-transform">
        <float_array id="mixamorig_Spine1-Matrix-animation-output-transform-array" count="352">

0.998355 -0.034510 0.045791 -0.000000 0.041868 0.984389 -0.170956 8.558700 -0.039176 0.172592 0.984214 0.000000 0.000000 0.000000 0.000000 1.000000
0.995990 -0.021739 0.086789 0.000000 0.035185 0.987042 -0.156556 8.558700 -0.082261 0.158982 0.983848 0.000000 0.000000 0.000000 0.000000 1.000000
0.992362 -0.008341 0.123075 -0.000000 0.025732 0.989760 -0.140401 8.558700 -0.120644 0.142495 0.982415 0.000000 0.000000 0.000000 0.000000 1.000000
0.989283 0.008860 0.145740 -0.000000 0.008656 0.992843 -0.119115 8.558700 -0.145752 0.119100 0.982126 0.000000 0.000000 0.000000 0.000000 1.000000
0.986450 0.020231 0.162810 -0.000000 -0.004005 0.995041 -0.099383 8.558700 -0.164013 0.097385 0.981639 0.000000 0.000000 0.000000 0.000000 1.000000
0.985806 0.021250 0.166535 0.000000 -0.004051 0.994679 -0.102945 8.558700 -0.167837 0.100809 0.980647 0.000000 0.000000 0.000000 0.000000 1.000000
0.987959 0.022799 0.153025 -0.000000 -0.004946 0.993231 -0.116051 8.558700 -0.154635 0.113897 0.981384 0.000000 0.000000 0.000000 0.000000 1.000000
0.990749 0.025040 0.133374 -0.000000 -0.006930 0.990882 -0.134556 8.558700 -0.135528 0.132387 0.981889 0.000000 0.000000 0.000000 0.000000 1.000000
0.993339 0.033121 0.110369 -0.000000 -0.015287 0.987213 -0.158670 8.558700 -0.114213 0.155926 0.981143 0.000000 0.000000 0.000000 0.000000 1.000000
0.997490 0.034303 0.061936 -0.000000 -0.023013 0.984376 -0.174568 8.558700 -0.066956 0.172705 0.982695 0.000000 0.000000 0.000000 0.000000 1.000000
0.999645 0.026507 -0.002526 0.000000 -0.026511 0.981969 -0.187176 8.558700 -0.002481 0.187176 0.982323 0.000000 0.000000 0.000000 0.000000 1.000000
0.998241 0.001962 -0.059255 -0.000000 -0.013172 0.981815 -0.189383 8.558700 0.057805 0.189831 0.980114 -0.000000 0.000000 0.000000 0.000000 1.000000
0.994546 -0.029406 -0.100072 0.000000 0.011578 0.984629 -0.174272 8.558700 0.103659 0.172163 0.979599 -0.000000 0.000000 0.000000 0.000000 1.000000
0.989479 -0.049923 -0.135787 0.000000 0.028562 0.987512 -0.154936 8.558700 0.141826 0.149427 0.978548 0.000000 0.000000 0.000000 0.000000 1.000000
0.985021 -0.063200 -0.160436 0.000000 0.039883 0.988686 -0.144602 8.558700 0.167760 0.136037 0.976397 -0.000000 0.000000 0.000000 0.000000 1.000000
0.983948 -0.064739 -0.166298 -0.000000 0.038494 0.986936 -0.156449 8.558700 0.174254 0.147537 0.973585 0.000000 0.000000 0.000000 0.000000 1.000000
0.986555 -0.064168 -0.150305 0.000000 0.039106 0.985665 -0.164121 8.558700 0.158682 0.156037 0.974922 0.000000 0.000000 0.000000 0.000000 1.000000
0.988146 -0.065858 -0.138671 -0.000000 0.042113 0.984941 -0.167681 8.558700 0.147625 0.159854 0.976040 0.000000 0.000000 0.000000 0.000000 1.000000
0.991318 -0.064376 -0.114648 0.000000 0.043843 0.983881 -0.173367 8.558700 0.123961 0.166835 0.978161 -0.000000 0.000000 0.000000 0.000000 1.000000
0.995337 -0.067313 -0.069085 -0.000000 0.053725 0.981735 -0.182512 8.558700 0.080108 0.177950 0.980773 -0.000000 0.000000 0.000000 0.000000 1.000000
0.997375 -0.068680 -0.022926 -0.000000 0.063301 0.980814 -0.184383 8.558700 0.035149 0.182448 0.982587 -0.000000 0.000000 0.000000 0.000000 1.000000
0.998355 -0.034510 0.045791 -0.000000 0.041868 0.984389 -0.170956 8.558700 -0.039176 0.172592 0.984214 0.000000 0.000000 0.000000 0.000000 1.000000</float_array>
        <technique_common>
          <accessor source="#mixamorig_Spine1-Matrix-animation-output-transform-array" count="22" stride="16">
            <param type="float4x4"/>
          </accessor>
        </technique_common>
      </source>
      <source id="mixamorig_Spine1-Interpolations">
        <Name_array id="mixamorig_Spine1-Interpolations-array" count="22">
 LINEAR LINEAR LINEAR LINEAR LINEAR LINEAR LINEAR LINEAR LINEAR LINEAR LINEAR
LINEAR LINEAR LINEAR LINEAR LINEAR LINEAR LINEAR LINEAR LINEAR LINEAR LINEAR</Name_array>
        <technique_common>
          <accessor source="#mixamorig_Spine1-Interpolations-array" count="22">
            <param type="name"/>
          </accessor>
        </technique_common>
      </source>
      <sampler id="mixamorig_Spine1-Matrix-animation-transform">
        <input semantic="INPUT" source="#mixamorig_Spine1-Matrix-animation-input"/>
        <input semantic="OUTPUT" source="#mixamorig_Spine1-Matrix-animation-output-transform"/>
        <input semantic="INTERPOLATION" source="#mixamorig_Spine1-Interpolations"/>
      </sampler>
      <channel source="#mixamorig_Spine1-Matrix-animation-transform" target="mixamorig_Spine1/matrix"/>
    </animation>
    <animation id="mixamorig_Spine2-anim" name="mixamorig_Spine2">
      <source id="mixamorig_Spine2-Matrix-animation-input">
        <float_array id="mixamorig_Spine2-Matrix-animation-input-array" count="22">

0.000000 0.033333 0.066667 0.100000 0.133333 0.166667 0.200000 0.233333 0.266667 0.300000 0.333333 0.366667 0.400000 0.433333 0.466667 0.500000
0.533333 0.566667 0.600000 0.633333 0.666667 0.700000</float_array>
        <technique_common>
          <accessor source="#mixamorig_Spine2-Matrix-animation-input-array" count="22">
            <param name="TIME" type="float"/>
          </accessor>
        </technique_common>
      </source>
      <source id="mixamorig_Spine2-Matrix-animation-output-transform">
        <float_array id="mixamorig_Spine2-Matrix-animation-output-transform-array" count="352">

0.998355 -0.030016 0.048854 0.000000 0.041868 0.963764 -0.263449 29.149500 -0.039176 0.265061 0.963435 1.721100 0.000000 0.000000 0.000000 1.000000
0.995990 -0.013418 0.088458 0.000000 0.035185 0.967770 -0.249365 29.149500 -0.082261 0.251477 0.964361 1.721100 0.000000 0.000000 0.000000 1.000000
0.992362 0.003357 0.123312 0.000000 0.025732 0.972007 -0.233540 29.149500 -0.120644 0.234929 0.964496 1.721100 0.000000 0.000000 0.000000 1.000000
0.989283 0.022627 0.144245 0.000000 0.008656 0.977092 -0.212642 29.149500 -0.145752 0.211612 0.966425 1.721100 0.000000 0.000000 0.000000 1.000000
0.986450 0.035565 0.160160 -0.000000 -0.004005 0.981150 -0.193207 29.149500 -0.164013 0.189948 0.967998 1.721100 0.000000 0.000000 0.000000 1.000000
0.985806 0.036932 0.163773 0.000000 -0.004051 0.980452 -0.196719 29.149500 -0.167837 0.193263 0.966685 1.721100 0.000000 0.000000 0.000000 1.000000
0.987959 0.037194 0.150177 -0.000000 -0.004946 0.977769 -0.209628 29.149500 -0.154635 0.206362 0.966180 1.721100 0.000000 0.000000 0.000000 1.000000
0.990749 0.037564 0.130402 0.000000 -0.006930 0.973677 -0.227827 29.149500 -0.135527 0.224816 0.964930 1.721100 0.000000 0.000000 0.000000 1.000000
0.993339 0.043428 0.106735 -0.000000 -0.015287 0.967740 -0.251486 29.149500 -0.114213 0.248179 0.961958 1.721100 0.000000 0.000000 0.000000 1.000000
0.997490 0.040017 0.058407 -0.000000 -0.023013 0.963410 -0.267044 29.149500 -0.066956 0.265029 0.961913 1.721100 0.000000 0.000000 0.000000 1.000000
0.999645 0.026148 -0.005026 -0.000000 -0.026511 0.959819 -0.279366 29.149500 -0.002481 0.279400 0.960171 1.721100 0.000000 0.000000 0.000000 1.000000
0.998241 -0.003660 -0.059174 0.000000 -0.013172 0.959456 -0.281550 29.149500 0.057805 0.281834 0.957720 1.721100 0.000000 0.000000 0.000000 1.000000
0.994546 -0.038755 -0.096836 0.000000 0.011578 0.963690 -0.266773 29.149500 0.103659 0.264197 0.958882 1.721100 0.000000 0.000000 0.000000 1.000000
0.989479 -0.062563 -0.130447 0.000000 0.028562 0.968391 -0.247796 29.149500 0.141826 0.241463 0.959990 1.721100 0.000000 0.000000 0.000000 1.000000
0.985021 -0.078115 -0.153727 0.000000 0.039883 0.970539 -0.237620 29.149500 0.167760 0.227930 0.959117 1.721100 0.000000 0.000000 0.000000 1.000000
0.983948 -0.080203 -0.159417 0.000000 0.038494 0.967674 -0.249249 29.149500 0.174254 0.239111 0.955228 1.721100 0.000000 0.000000 0.000000 1.000000
0.986555 -0.078119 -0.143550 -0.000000 0.039106 0.965682 -0.256765 29.149500 0.158682 0.247700 0.955754 1.721100 0.000000 0.000000 0.000000 1.000000
0.988146 -0.078699 -0.131807 -0.000000 0.042113 0.964625 -0.260241 29.149500 0.147625 0.251606 0.956505 1.721100 0.000000 0.000000 0.000000 1.000000
0.991318 -0.074948 -0.108034 0.000000 0.043843 0.963031 -0.265801 29.149500 0.123961 0.258756 0.957956 1.721100 0.000000 0.000000 0.000000 1.000000
0.995337 -0.073555 -0.062397 -0.000000 0.053725 0.960027 -0.274702 29.149500 0.080108 0.270068 0.959503 1.721100 0.000000 0.000000 0.000000 1.000000
0.997375 -0.070543 -0.016316 0.000000 0.063301 0.958933 -0.276477 29.149500 0.035149 0.274719 0.960882 1.721100 0.000000 0.000000 0.000000 1.000000
0.998355 -0.030016 0.048854 0.000000 0.041868 0.963764 -0.263449 29.149500 -0.039176 0.265061 0.963435 1.721100 0.000000 0.000000 0.000000 1.000000</float_array>
        <technique_common>
          <accessor source="#mixamorig_Spine2-Matrix-animation-output-transform-array" count="22" stride="16">
            <param type="float4x4"/>
          </accessor>
        </technique_common>
      </source>
      <source id="mixamorig_Spine2-Interpolations">
        <Name_array id="mixamorig_Spine2-Interpolations-array" count="22">
 LINEAR LINEAR LINEAR LINEAR LINEAR LINEAR LINEAR LINEAR LINEAR LINEAR LINEAR
LINEAR LINEAR LINEAR LINEAR LINEAR LINEAR LINEAR LINEAR LINEAR LINEAR LINEAR</Name_array>
        <technique_common>
          <accessor source="#mixamorig_Spine2-Interpolations-array" count="22">
            <param type="name"/>
          </accessor>
        </technique_common>
      </source>
      <sampler id="mixamorig_Spine2-Matrix-animation-transform">
        <input semantic="INPUT" source="#mixamorig_Spine2-Matrix-animation-input"/>
        <input semantic="OUTPUT" source="#mixamorig_Spine2-Matrix-animation-output-transform"/>
        <input semantic="INTERPOLATION" source="#mixamorig_Spine2-Interpolations"/>
      </sampler>
      <channel source="#mixamorig_Spine2-Matrix-animation-transform" target="mixamorig_Spine2/matrix"/>
    </animation>
    <animation id="mixamorig_Neck-anim" name="mixamorig_Neck">
      <source id="mixamorig_Neck-Matrix-animation-input">
        <float_array id="mixamorig_Neck-Matrix-animation-input-array" count="22">

0.000000 0.033333 0.066667 0.100000 0.133333 0.166667 0.200000 0.233333 0.266667 0.300000 0.333333 0.366667 0.400000 0.433333 0.466667 0.500000
0.533333 0.566667 0.600000 0.633333 0.666667 0.700000</float_array>
        <technique_common>
          <accessor source="#mixamorig_Neck-Matrix-animation-input-array" count="22">
            <param name="TIME" type="float"/>
          </accessor>
        </technique_common>
      </source>
      <source id="mixamorig_Neck-Matrix-animation-output-transform">
        <float_array id="mixamorig_Neck-Matrix-animation-output-transform-array" count="352">

0.998465 0.007577 -0.054863 0.000000 -0.000366 0.991478 0.130271 13.857900 0.055382 -0.130051 0.989959 7.405300 0.000000 0.000000 0.000000 1.000000
0.996896 0.019106 -0.076371 0.000000 -0.008832 0.991122 0.132664 13.857900 0.078228 -0.131578 0.988214 7.405300 0.000000 0.000000 0.000000 1.000000
0.994094 0.009508 -0.108101 0.000000 0.002986 0.993380 0.114837 13.857900 0.108478 -0.114481 0.987485 7.405300 0.000000 0.000000 0.000000 1.000000
0.991785 0.010401 -0.127490 -0.000000 0.001978 0.995322 0.096592 13.857900 0.127898 -0.096051 0.987125 7.405300 0.000000 0.000000 0.000000 1.000000
0.989549 -0.007671 -0.143994 0.000000 0.015297 0.998534 0.051927 13.857900 0.143385 -0.053587 0.988215 7.405300 0.000000 0.000000 0.000000 1.000000
0.989677 -0.025513 -0.141025 -0.000000 0.029022 0.999317 0.022885 13.857900 0.140345 -0.026742 0.989741 7.405300 0.000000 0.000000 0.000000 1.000000
0.991887 -0.007040 -0.126924 0.000000 0.011374 0.999375 0.033455 13.857900 0.126609 -0.034627 0.991348 7.405300 0.000000 0.000000 0.000000 1.000000
0.992798 -0.005584 -0.119669 0.000000 0.010990 0.998946 0.044567 13.857900 0.119294 -0.045561 0.991813 7.405300 0.000000 0.000000 0.000000 1.000000
0.993754 -0.023328 -0.109128 -0.000000 0.032333 0.996150 0.081489 13.857900 0.106807 -0.084508 0.990682 7.405300 0.000000 0.000000 0.000000 1.000000
0.996500 -0.027115 -0.079078 -0.000000 0.035412 0.993790 0.105482 13.857900 0.075727 -0.107913 0.991272 7.405300 0.000000 0.000000 0.000000 1.000000
0.999161 -0.012875 -0.038886 -0.000000 0.017251 0.993288 0.114374 13.857900 0.037152 -0.114949 0.992676 7.405300 0.000000 0.000000 0.000000 1.000000
0.999112 -0.036681 -0.020743 -0.000000 0.039281 0.988902 0.143282 13.857900 0.015258 -0.143970 0.989464 7.405300 0.000000 0.000000 0.000000 1.000000
0.999287 0.021230 0.031229 -0.000000 -0.025097 0.991302 0.129192 13.857900 -0.028215 -0.129883 0.991128 7.405300 0.000000 0.000000 0.000000 1.000000
0.997906 0.004524 0.064527 -0.000000 -0.014466 0.987893 0.154459 13.857900 -0.063047 -0.155069 0.985890 7.405300 0.000000 0.000000 0.000000 1.000000
0.996213 0.005410 0.086782 0.000000 -0.020289 0.984974 0.171508 13.857900 -0.084550 -0.172619 0.981353 7.405300 0.000000 0.000000 0.000000 1.000000
0.995232 0.013044 0.096661 -0.000000 -0.030297 0.983339 0.179241 13.857900 -0.092713 -0.181315 0.979045 7.405300 0.000000 0.000000 0.000000 1.000000
0.995988 0.021531 0.086859 0.000000 -0.034963 0.987103 0.156221 13.857900 -0.082375 -0.158631 0.983896 7.405300 0.000000 0.000000 0.000000 1.000000
0.996209 0.031453 0.081110 0.000000 -0.043023 0.988479 0.145112 13.857900 -0.075612 -0.148052 0.986085 7.405300 0.000000 0.000000 0.000000 1.000000
0.995684 0.055416 0.074446 -0.000000 -0.066329 0.985968 0.153189 13.857900 -0.064912 -0.157465 0.985389 7.405300 0.000000 0.000000 0.000000 1.000000
0.998210 0.047049 0.036931 0.000000 -0.052447 0.985348 0.162291 13.857900 -0.028755 -0.163937 0.986052 7.405300 0.000000 0.000000 0.000000 1.000000
0.999081 0.042798 -0.002178 -0.000000 -0.041947 0.987086 0.154603 13.857900 0.008766 -0.154370 0.987974 7.405300 0.000000 0.000000 0.000000 1.000000
0.998465 0.007577 -0.054863 0.000000 -0.000366 0.991478 0.130271 13.857900 0.055382 -0.130051 0.989959 7.405300 0.000000 0.000000 0.000000 1.000000</float_array>
        <technique_common>
          <accessor source="#mixamorig_Neck-Matrix-animation-output-transform-array" count="22" stride="16">
            <param type="float4x4"/>
          </accessor>
        </technique_common>
      </source>
      <source id="mixamorig_Neck-Interpolations">
        <Name_array id="mixamorig_Neck-Interpolations-array" count="22">
 LINEAR LINEAR LINEAR LINEAR LINEAR LINEAR LINEAR LINEAR LINEAR LINEAR LINEAR
LINEAR LINEAR LINEAR LINEAR LINEAR LINEAR LINEAR LINEAR LINEAR LINEAR LINEAR</Name_array>
        <technique_common>
          <accessor source="#mixamorig_Neck-Interpolations-array" count="22">
            <param type="name"/>
          </accessor>
        </technique_common>
      </source>
      <sampler id="mixamorig_Neck-Matrix-animation-transform">
        <input semantic="INPUT" source="#mixamorig_Neck-Matrix-animation-input"/>
        <input semantic="OUTPUT" source="#mixamorig_Neck-Matrix-animation-output-transform"/>
        <input semantic="INTERPOLATION" source="#mixamorig_Neck-Interpolations"/>
      </sampler>
      <channel source="#mixamorig_Neck-Matrix-animation-transform" target="mixamorig_Neck/matrix"/>
    </animation>
    <animation id="mixamorig_Head-anim" name="mixamorig_Head">
      <source id="mixamorig_Head-Matrix-animation-input">
        <float_array id="mixamorig_Head-Matrix-animation-input-array" count="22">

0.000000 0.033333 0.066667 0.100000 0.133333 0.166667 0.200000 0.233333 0.266667 0.300000 0.333333 0.366667 0.400000 0.433333 0.466667 0.500000
0.533333 0.566667 0.600000 0.633333 0.666667 0.700000</float_array>
        <technique_common>
          <accessor source="#mixamorig_Head-Matrix-animation-input-array" count="22">
            <param name="TIME" type="float"/>
          </accessor>
        </technique_common>
      </source>
      <source id="mixamorig_Head-Matrix-animation-output-transform">
        <float_array id="mixamorig_Head-Matrix-animation-output-transform-array" count="352">

0.987594 0.090815 -0.128108 0.000000 -0.057729 0.968649 0.241632 8.198500 0.146036 -0.231239 0.961874 5.703100 0.000000 0.000000 0.000000 1.000000
0.975794 0.083797 -0.201999 -0.000000 -0.042689 0.978893 0.199864 8.198500 0.214483 -0.186403 0.958776 5.703100 0.000000 0.000000 0.000000 1.000000
0.957954 0.084562 -0.274178 0.000000 -0.037339 0.984198 0.173088 8.198500 0.284482 -0.155573 0.945974 5.703100 0.000000 0.000000 0.000000 1.000000
0.940384 0.052648 -0.336014 -0.000000 -0.015807 0.993644 0.111451 8.198500 0.339746 -0.099496 0.935240 5.703100 0.000000 0.000000 0.000000 1.000000
0.931204 0.051046 -0.360907 -0.000000 -0.014226 0.994480 0.103953 8.198500 0.364221 -0.091667 0.926790 5.703100 0.000000 0.000000 0.000000 1.000000
0.942001 0.065988 -0.329058 0.000000 -0.028125 0.992552 0.118530 8.198500 0.334428 -0.102401 0.936841 5.703100 0.000000 0.000000 0.000000 1.000000
0.944878 0.027019 -0.326307 0.000000 0.003490 0.995702 0.092554 8.198500 0.327405 -0.088591 0.940722 5.703100 0.000000 0.000000 0.000000 1.000000
0.945484 -0.009167 -0.325539 0.000000 0.043517 0.994196 0.098393 8.198500 0.322748 -0.107195 0.940395 5.703100 0.000000 0.000000 0.000000 1.000000
0.956296 -0.033052 -0.290527 0.000000 0.074930 0.988114 0.134228 8.198500 0.282637 -0.150130 0.947405 5.703100 0.000000 0.000000 0.000000 1.000000
0.972242 -0.061276 -0.225810 -0.000000 0.110912 0.970474 0.214192 8.198500 0.206018 -0.233292 0.950332 5.703100 0.000000 0.000000 0.000000 1.000000
0.984650 -0.083840 -0.153088 0.000000 0.121702 0.958489 0.257850 8.198500 0.125115 -0.272523 0.953980 5.703100 0.000000 0.000000 0.000000 1.000000
0.996402 -0.054169 -0.065186 0.000000 0.069100 0.964549 0.254695 8.198500 0.049079 -0.258283 0.964822 5.703100 0.000000 0.000000 0.000000 1.000000
0.998550 -0.053496 0.005989 -0.000000 0.050330 0.967300 0.248591 8.198500 -0.019092 -0.247929 0.968590 5.703100 0.000000 0.000000 0.000000 1.000000
0.991852 -0.027532 0.124383 0.000000 0.005423 0.984607 0.174701 8.198500 -0.127278 -0.172603 0.976733 5.703100 0.000000 0.000000 0.000000 1.000000
0.982253 -0.006468 0.187448 0.000000 -0.024852 0.986105 0.164251 8.198500 -0.185906 -0.165995 0.968445 5.703100 0.000000 0.000000 0.000000 1.000000
0.978103 -0.001826 0.208116 0.000000 -0.036766 0.982719 0.181417 8.198500 -0.204851 -0.185096 0.961133 5.703100 0.000000 0.000000 0.000000 1.000000
0.980500 0.033284 0.193679 0.000000 -0.072698 0.977071 0.200120 8.198500 -0.182577 -0.210298 0.960438 5.703100 0.000000 0.000000 0.000000 1.000000
0.982984 0.052703 0.175966 0.000000 -0.088757 0.974980 0.203804 8.198500 -0.160822 -0.215954 0.963068 5.703100 0.000000 0.000000 0.000000 1.000000
0.992033 0.037551 0.120252 0.000000 -0.063202 0.974074 0.217224 8.198500 -0.108977 -0.223094 0.968686 5.703100 0.000000 0.000000 0.000000 1.000000
0.996762 0.064214 0.048392 -0.000000 -0.074679 0.962409 0.261135 8.198500 -0.029804 -0.263903 0.964089 5.703100 0.000000 0.000000 0.000000 1.000000
0.996117 0.077053 -0.042592 0.000000 -0.063277 0.962947 0.262160 8.198500 0.061214 -0.258447 0.964084 5.703100 0.000000 0.000000 0.000000 1.000000
0.987594 0.090815 -0.128108 0.000000 -0.057729 0.968649 0.241632 8.198500 0.146036 -0.231239 0.961874 5.703100 0.000000 0.000000 0.000000 1.000000</float_array>
        <technique_common>
          <accessor source="#mixamorig_Head-Matrix-animation-output-transform-array" count="22" stride="16">
            <param type="float4x4"/>
          </accessor>
        </technique_common>
      </source>
      <source id="mixamorig_Head-Interpolations">
        <Name_array id="mixamorig_Head-Interpolations-array" count="22">
 LINEAR LINEAR LINEAR LINEAR LINEAR LINEAR LINEAR LINEAR LINEAR LINEAR LINEAR
LINEAR LINEAR LINEAR LINEAR LINEAR LINEAR LINEAR LINEAR LINEAR LINEAR LINEAR</Name_array>
        <technique_common>
          <accessor source="#mixamorig_Head-Interpolations-array" count="22">
            <param type="name"/>
          </accessor>
        </technique_common>
      </source>
      <sampler id="mixamorig_Head-Matrix-animation-transform">
        <input semantic="INPUT" source="#mixamorig_Head-Matrix-animation-input"/>
        <input semantic="OUTPUT" source="#mixamorig_Head-Matrix-animation-output-transform"/>
        <input semantic="INTERPOLATION" source="#mixamorig_Head-Interpolations"/>
      </sampler>
      <channel source="#mixamorig_Head-Matrix-animation-transform" target="mixamorig_Head/matrix"/>
    </animation>
    <animation id="mixamorig_LeftShoulder-anim" name="mixamorig_LeftShoulder">
      <source id="mixamorig_LeftShoulder-Matrix-animation-input">
        <float_array id="mixamorig_LeftShoulder-Matrix-animation-input-array" count="22">

0.000000 0.033333 0.066667 0.100000 0.133333 0.166667 0.200000 0.233333 0.266667 0.300000 0.333333 0.366667 0.400000 0.433333 0.466667 0.500000
0.533333 0.566667 0.600000 0.633333 0.666667 0.700000</float_array>
        <technique_common>
          <accessor source="#mixamorig_LeftShoulder-Matrix-animation-input-array" count="22">
            <param name="TIME" type="float"/>
          </accessor>
        </technique_common>
      </source>
      <source id="mixamorig_LeftShoulder-Matrix-animation-output-transform">
        <float_array id="mixamorig_LeftShoulder-Matrix-animation-output-transform-array" count="352">

0.125305 0.830313 -0.543027 12.584900 -0.048519 -0.541558 -0.839262 11.395200 -0.990931 0.131511 -0.027574 -1.453100 0.000000 0.000000 0.000000 1.000000
0.110920 0.837411 -0.535201 12.584900 -0.046465 -0.533565 -0.844482 11.395200 -0.992742 0.118539 -0.020273 -1.453100 0.000000 0.000000 0.000000 1.000000
0.094426 0.845951 -0.524833 12.584900 -0.044238 -0.523103 -0.851121 11.395200 -0.994548 0.103586 -0.011971 -1.453100 0.000000 0.000000 0.000000 1.000000
0.078299 0.854117 -0.514152 12.584900 -0.042465 -0.512410 -0.857690 11.395200 -0.996025 0.088990 -0.003851 -1.453100 0.000000 0.000000 0.000000 1.000000
0.066481 0.859384 -0.506991 12.584900 -0.041647 -0.505282 -0.861949 11.395200 -0.996918 0.078418 0.002199 -1.453100 0.000000 0.000000 0.000000 1.000000
0.064071 0.858788 -0.508310 12.584900 -0.042046 -0.506581 -0.861167 11.395200 -0.997059 0.076548 0.003652 -1.453100 0.000000 0.000000 0.000000 1.000000
0.074872 0.850654 -0.520366 12.584900 -0.043795 -0.518523 -0.853942 11.395200 -0.996231 0.086726 -0.001568 -1.453100 0.000000 0.000000 0.000000 1.000000
0.098864 0.836257 -0.539352 12.584900 -0.047030 -0.537475 -0.841967 11.395200 -0.993989 0.108607 -0.013808 -1.453100 0.000000 0.000000 0.000000 1.000000
0.131565 0.820189 -0.556759 12.584900 -0.051198 -0.555269 -0.830093 11.395200 -0.989985 0.137716 -0.031062 -1.453100 0.000000 0.000000 0.000000 1.000000
0.165750 0.808031 -0.565343 12.584900 -0.054574 -0.564879 -0.823367 11.395200 -0.984657 0.167326 -0.049531 -1.453100 0.000000 0.000000 0.000000 1.000000
0.193828 0.802493 -0.564301 12.584900 -0.055663 -0.565287 -0.823014 11.395200 -0.979455 0.190934 -0.064900 -1.453100 0.000000 0.000000 0.000000 1.000000
0.210046 0.802089 -0.559048 12.584900 -0.054907 -0.561224 -0.825841 11.395200 -0.976149 0.204160 -0.073843 -1.453100 0.000000 0.000000 0.000000 1.000000
0.213236 0.803417 -0.555924 12.584900 -0.054051 -0.558439 -0.827783 11.395200 -0.975505 0.206561 -0.075654 -1.453100 0.000000 0.000000 0.000000 1.000000
0.208175 0.803945 -0.557078 12.584900 -0.054079 -0.559224 -0.827251 11.395200 -0.976595 0.202339 -0.072940 -1.453100 0.000000 0.000000 0.000000 1.000000
0.202550 0.802944 -0.560584 12.584900 -0.054766 -0.562266 -0.825141 11.395200 -0.977739 0.197833 -0.069913 -1.453100 0.000000 0.000000 0.000000 1.000000
0.201212 0.800849 -0.564052 12.584900 -0.055643 -0.565554 -0.822832 11.395200 -0.977966 0.196949 -0.069234 -1.453100 0.000000 0.000000 0.000000 1.000000
0.203192 0.798502 -0.566664 12.584900 -0.056462 -0.568218 -0.820938 11.395200 -0.977510 0.198803 -0.070373 -1.453100 0.000000 0.000000 0.000000 1.000000
0.203521 0.797557 -0.567875 12.584900 -0.056825 -0.569415 -0.820084 11.395200 -0.977420 0.199174 -0.070567 -1.453100 0.000000 0.000000 0.000000 1.000000
0.197161 0.800408 -0.566105 12.584900 -0.056032 -0.567296 -0.821606 11.395200 -0.978768 0.193709 -0.067000 -1.453100 0.000000 0.000000 0.000000 1.000000
0.181517 0.808239 -0.560179 12.584900 -0.053805 -0.560626 -0.826319 11.395200 -0.981915 0.180132 -0.058276 -1.453100 0.000000 0.000000 0.000000 1.000000
0.156879 0.819367 -0.551386 12.584900 -0.050908 -0.550848 -0.833052 11.395200 -0.986305 0.158758 -0.044704 -1.453100 0.000000 0.000000 0.000000 1.000000
0.125305 0.830313 -0.543027 12.584900 -0.048519 -0.541558 -0.839262 11.395200 -0.990931 0.131511 -0.027574 -1.453100 0.000000 0.000000 0.000000 1.000000</float_array>
        <technique_common>
          <accessor source="#mixamorig_LeftShoulder-Matrix-animation-output-transform-array" count="22" stride="16">
            <param type="float4x4"/>
          </accessor>
        </technique_common>
      </source>
      <source id="mixamorig_LeftShoulder-Interpolations">
        <Name_array id="mixamorig_LeftShoulder-Interpolations-array" count="22">
 LINEAR LINEAR LINEAR LINEAR LINEAR LINEAR LINEAR LINEAR LINEAR LINEAR LINEAR
LINEAR LINEAR LINEAR LINEAR LINEAR LINEAR LINEAR LINEAR LINEAR LINEAR LINEAR</Name_array>
        <technique_common>
          <accessor source="#mixamorig_LeftShoulder-Interpolations-array" count="22">
            <param type="name"/>
          </accessor>
        </technique_common>
      </source>
      <sampler id="mixamorig_LeftShoulder-Matrix-animation-transform">
        <input semantic="INPUT" source="#mixamorig_LeftShoulder-Matrix-animation-input"/>
        <input semantic="OUTPUT" source="#mixamorig_LeftShoulder-Matrix-animation-output-transform"/>
        <input semantic="INTERPOLATION" source="#mixamorig_LeftShoulder-Interpolations"/>
      </sampler>
      <channel source="#mixamorig_LeftShoulder-Matrix-animation-transform" target="mixamorig_LeftShoulder/matrix"/>
    </animation>
    <animation id="mixamorig_LeftArm-anim" name="mixamorig_LeftArm">
      <source id="mixamorig_LeftArm-Matrix-animation-input">
        <float_array id="mixamorig_LeftArm-Matrix-animation-input-array" count="22">

0.000000 0.033333 0.066667 0.100000 0.133333 0.166667 0.200000 0.233333 0.266667 0.300000 0.333333 0.366667 0.400000 0.433333 0.466667 0.500000
0.533333 0.566667 0.600000 0.633333 0.666667 0.700000</float_array>
        <technique_common>
          <accessor source="#mixamorig_LeftArm-Matrix-animation-input-array" count="22">
            <param name="TIME" type="float"/>
          </accessor>
        </technique_common>
      </source>
      <source id="mixamorig_LeftArm-Matrix-animation-output-transform">
        <float_array id="mixamorig_LeftArm-Matrix-animation-output-transform-array" count="352">

0.834645 0.515956 -0.192759 0.000000 -0.506442 0.581332 -0.636844 15.319300 -0.216527 0.629160 0.746507 0.000000 0.000000 0.000000 0.000000 1.000000
0.808426 0.560602 -0.179367 0.000000 -0.543139 0.593076 -0.594358 15.319300 -0.226820 0.577916 0.783943 0.000000 0.000000 0.000000 0.000000 1.000000
0.793135 0.594153 -0.133864 0.000000 -0.558758 0.622398 -0.548097 15.319300 -0.242337 0.509513 0.825633 -0.000000 0.000000 0.000000 0.000000 1.000000
0.784809 0.615229 -0.074622 0.000000 -0.562436 0.656495 -0.502672 15.319300 -0.260270 0.436471 0.861251 0.000000 0.000000 0.000000 0.000000 1.000000
0.780785 0.624430 -0.021517 0.000000 -0.560309 0.684540 -0.466324 15.319300 -0.276457 0.376154 0.884352 -0.000000 0.000000 0.000000 0.000000 1.000000
0.787962 0.615652 0.009477 0.000000 -0.548758 0.709160 -0.442670 15.319300 -0.279251 0.343607 0.896634 0.000000 0.000000 0.000000 0.000000 1.000000
0.820512 0.571495 0.012368 0.000000 -0.512530 0.745091 -0.426794 15.319300 -0.253126 0.343850 0.904264 0.000000 0.000000 0.000000 0.000000 1.000000
0.879757 0.475295 -0.011067 0.000000 -0.435665 0.796647 -0.418986 15.319300 -0.190326 0.373428 0.907925 -0.000000 0.000000 0.000000 0.000000 1.000000
0.941671 0.332542 -0.051682 0.000000 -0.321088 0.841802 -0.433904 15.319300 -0.100786 0.425189 0.899476 0.000000 0.000000 0.000000 0.000000 1.000000
