<?xml version="1.0" encoding="utf-8"?>
<COLLADA xmlns="http://www.collada.org/2005/11/COLLADASchema" version="1.4.1">
  <asset>
    <contributor>
      <author>Mixamo</author>
      <authoring_tool>COLLADA Mixamo exporter</authoring_tool>
      <comments/>
    </contributor>
    <created>2024-03-08T11:35:12Z</created>
    <modified>2024-03-08T11:35:12Z</modified>
    <revision/>
    <title/>
    <unit meter="0.010000"/>
    <up_axis>Y_UP</up_axis>
  </asset>
  <library_animations>
    <animation id="mixamorig_Hips-anim" name="mixamorig_Hips">
      <source id="mixamorig_Hips-Matrix-animation-input">
        <float_array id="mixamorig_Hips-Matrix-animation-input-array" count="32">

0.000000 0.033333 0.066667 0.100000 0.133333 0.166667 0.200000 0.233333 0.266667 0.300000 0.333333 0.366667 0.400000 0.433333 0.466667 0.500000
0.533333 0.566667 0.600000 0.633333 0.666667 0.700000 0.733333 0.766667 0.800000 0.833333 0.866667 0.900000 0.933333 0.966667 1.000000 1.033333</float_array>
        <technique_common>
          <accessor source="#mixamorig_Hips-Matrix-animation-input-array" count="32">
            <param name="TIME" type="float"/>
          </accessor>
        </technique_common>
      </source>
      <source id="mixamorig_Hips-Matrix-animation-output-transform">
        <float_array id="mixamorig_Hips-Matrix-animation-output-transform-array" count="512">

0.403210 -0.058396 -0.913243 -0.919213 -0.042065 0.995724 -0.082243 111.455116 0.914140 0.071576 0.399029 1.210554 0.000000 0.000000 0.000000 1.000000
0.368823 -0.076563 -0.926341 -1.250067 -0.020575 0.995685 -0.090486 112.727386 0.929272 0.052433 0.365657 1.435699 0.000000 0.000000 0.000000 1.000000
0.329348 -0.092226 -0.939694 -1.153841 -0.007577 0.994928 -0.100303 113.345940 0.944178 0.040155 0.326979 1.672567 0.000000 0.000000 0.000000 1.000000
0.265938 -0.099588 -0.958832 -0.679061 -0.001619 0.994602 -0.103752 112.932549 0.963989 0.029144 0.264341 1.757331 0.000000 0.000000 0.000000 1.000000
0.186166 -0.097242 -0.977694 -0.948183 -0.020691 0.994481 -0.102852 110.597176 0.982300 0.039377 0.183127 1.908593 0.000000 0.000000 0.000000 1.000000
0.117691 -0.094406 -0.988553 -1.514862 -0.046348 0.993864 -0.100431 108.336685 0.991968 0.057637 0.112593 1.952397 0.000000 0.000000 0.000000 1.000000
0.086877 -0.096679 -0.991517 -1.828810 -0.054902 0.993303 -0.101664 106.125526 0.994705 0.063269 0.080987 1.839742 0.000000 0.000000 0.000000 1.000000
0.099527 -0.103930 -0.989592 -2.802686 -0.032930 0.993642 -0.107667 105.016243 0.994490 0.043303 0.095472 1.702966 0.000000 0.000000 0.000000 1.000000
0.132889 -0.107868 -0.985244 -4.325438 -0.016612 0.993678 -0.111032 103.311249 0.990992 0.031121 0.130257 1.694560 0.000000 0.000000 0.000000 1.000000
0.181914 -0.116258 -0.976418 -4.191425 0.026487 0.993205 -0.113322 102.183998 0.982958 -0.005247 0.183757 1.469583 0.000000 0.000000 0.000000 1.000000
0.233369 -0.129232 -0.963763 -2.495860 0.079263 0.990359 -0.113605 101.786346 0.969152 -0.049879 0.241362 1.224746 0.000000 0.000000 0.000000 1.000000
0.281831 -0.141446 -0.948981 -1.070458 0.116736 0.986781 -0.112412 102.582443 0.952336 -0.079099 0.294618 1.085055 0.000000 0.000000 0.000000 1.000000
0.322809 -0.147788 -0.934854 -0.510391 0.125758 0.985673 -0.112397 104.454247 0.938072 -0.081283 0.336770 0.834482 0.000000 0.000000 0.000000 1.000000
0.363774 -0.149351 -0.919436 -0.462671 0.112973 0.986850 -0.115604 106.694397 0.924611 -0.061817 0.375863 0.524260 0.000000 0.000000 0.000000 1.000000
0.391211 -0.151761 -0.907702 -0.573854 0.095522 0.987678 -0.123964 109.186424 0.915330 -0.038209 0.400888 0.336277 0.000000 0.000000 0.000000 1.000000
0.401606 -0.149626 -0.903507 -0.563270 0.075015 0.988623 -0.130378 111.612457 0.912735 -0.015416 0.408261 0.601079 0.000000 0.000000 0.000000 1.000000
0.408326 -0.145513 -0.901163 -0.287905 0.055788 0.989345 -0.134475 113.564758 0.911130 0.004636 0.412094 1.156428 0.000000 0.000000 0.000000 1.000000
0.416719 -0.145015 -0.897394 0.249968 0.045606 0.989286 -0.138687 114.849525 0.907891 0.016867 0.418868 1.602644 0.000000 0.000000 0.000000 1.000000
0.429299 -0.147961 -0.890960 1.083194 0.043702 0.988737 -0.143141 115.234482 0.902105 0.022513 0.430930 1.975606 0.000000 0.000000 0.000000 1.000000
0.454383 -0.151792 -0.877779 1.421687 0.059015 0.988340 -0.140362 113.081337 0.888850 0.011976 0.458043 2.233372 0.000000 0.000000 0.000000 1.000000
0.478500 -0.153872 -0.864501 1.410217 0.078280 0.988082 -0.132540 110.868774 0.874591 -0.004253 0.484842 2.406539 0.000000 0.000000 0.000000 1.000000
0.487216 -0.154115 -0.859575 1.633706 0.086073 0.987987 -0.128351 109.312889 0.869029 -0.011452 0.494628 2.440827 0.000000 0.000000 0.000000 1.000000
0.486188 -0.139684 -0.862618 1.468499 0.071012 0.990192 -0.120319 107.970200 0.870964 -0.002758 0.491339 2.329137 0.000000 0.000000 0.000000 1.000000
0.490109 -0.118113 -0.863622 -0.108150 0.050051 0.992956 -0.107397 105.999908 0.870223 0.009411 0.492568 1.982477 0.000000 0.000000 0.000000 1.000000
0.493064 -0.108261 -0.863231 -0.935527 0.029012 0.993722 -0.108055 103.836647 0.869509 0.028234 0.493109 1.532150 0.000000 0.000000 0.000000 1.000000
0.492767 -0.099174 -0.864491 -0.591577 0.004313 0.993750 -0.111543 101.910599 0.870151 0.051236 0.490115 1.226257 0.000000 0.000000 0.000000 1.000000
0.500422 -0.074384 -0.862581 0.363530 -0.034755 0.993773 -0.105861 101.382980 0.865084 0.082954 0.494720 1.100056 0.000000 0.000000 0.000000 1.000000
0.499354 -0.057518 -0.864487 0.911502 -0.059347 0.993180 -0.100361 102.330055 0.864363 0.101420 0.492535 0.993528 0.000000 0.000000 0.000000 1.000000
0.475907 -0.052779 -0.877911 0.820391 -0.065568 0.993291 -0.095260 104.422585 0.877048 0.102898 0.469253 0.924221 0.000000 0.000000 0.000000 1.000000
0.449217 -0.048515 -0.892105 0.313268 -0.067864 0.993787 -0.088217 106.856934 0.890842 0.100170 0.443133 0.977330 0.000000 0.000000 0.000000 1.000000
0.428533 -0.048671 -0.902214 -0.337890 -0.061648 0.994646 -0.082938 109.375916 0.901421 0.091161 0.423238 1.074885 0.000000 0.000000 0.000000 1.000000
0.403210 -0.058396 -0.913243 -0.919211 -0.042065 0.995724 -0.082243 111.455116 0.914140 0.071576 0.399029 1.210552 0.000000 0.000000 0.000000 1.000000</float_array>
        <technique_common>
          <accessor source="#mixamorig_Hips-Matrix-animation-output-transform-array" count="32" stride="16">
            <param type="float4x4"/>
          </accessor>
        </technique_common>
      </source>
      <source id="mixamorig_Hips-Interpolations">
        <Name_array id="mixamorig_Hips-Interpolations-array" count="32">
 LINEAR LINEAR LINEAR LINEAR LINEAR LINEAR LINEAR LINEAR LINEAR LINEAR LINEAR
LINEAR LINEAR LINEAR LINEAR LINEAR LINEAR LINEAR LINEAR LINEAR LINEAR LINEAR LINEAR
LINEAR LINEAR LINEAR LINEAR LINEAR LINEAR LINEAR LINEAR LINEAR</Name_array>
        <technique_common>
          <accessor source="#mixamorig_Hips-Interpolations-array" count="32">
            <param type="name"/>
          </accessor>
        </technique_common>
      </source>
      <sampler id="mixamorig_Hips-Matrix-animation-transform">
        <input semantic="INPUT" source="#mixamorig_Hips-Matrix-animation-input"/>
        <input semantic="OUTPUT" source="#mixamorig_Hips-Matrix-animation-output-transform"/>
        <input semantic="INTERPOLATION" source="#mixamorig_Hips-Interpolations"/>
      </sampler>
      <channel source="#mixamorig_Hips-Matrix-animation-transform" target="mixamorig_Hips/matrix"/>
    </animation>
    <animation id="mixamorig_Spine-anim" name="mixamorig_Spine">
      <source id="mixamorig_Spine-Matrix-animation-input">
        <float_array id="mixamorig_Spine-Matrix-animation-input-array" count="32">

0.000000 0.033333 0.066667 0.100000 0.133333 0.166667 0.200000 0.233333 0.266667 0.300000 0.333333 0.366667 0.400000 0.433333 0.466667 0.500000
0.533333 0.566667 0.600000 0.633333 0.666667 0.700000 0.733333 0.766667 0.800000 0.833333 0.866667 0.900000 0.933333 0.966667 1.000000 1.033333</float_array>
        <technique_common>
          <accessor source="#mixamorig_Spine-Matrix-animation-input-array" count="32">
            <param name="TIME" type="float"/>
          </accessor>
        </technique_common>
      </source>
      <source id="mixamorig_Spine-Matrix-animation-output-transform">
        <float_array id="mixamorig_Spine-Matrix-animation-output-transform-array" count="512">

0.990551 -0.038918 0.131508 0.072000 0.039647 0.999209 -0.002934 7.257300 -0.131289 0.008120 0.991311 -0.789700 0.000000 0.000000 0.000000 1.000000
0.987237 -0.014034 0.158638 0.072000 0.014494 0.999893 -0.001745 7.257300 -0.158597 0.004022 0.987335 -0.789700 0.000000 0.000000 0.000000 1.000000
0.981602 0.000660 0.190939 0.072000 -0.001125 0.999997 0.002324 7.257300 -0.190937 -0.002496 0.981599 -0.789700 0.000000 0.000000 0.000000 1.000000
0.969935 0.014319 0.242943 0.072000 -0.015446 0.999877 0.002736 7.257300 -0.242874 -0.006406 0.970037 -0.789700 0.000000 0.000000 0.000000 1.000000
0.952511 0.008481 0.304385 0.072000 -0.011768 0.999891 0.008966 7.257300 -0.304276 -0.012122 0.952507 -0.789700 0.000000 0.000000 0.000000 1.000000
0.935188 -0.004410 0.354125 0.072000 0.000473 0.999937 0.011204 7.257300 -0.354152 -0.010310 0.935131 -0.789700 0.000000 0.000000 0.000000 1.000000
0.925697 -0.005378 0.378227 0.072000 0.001831 0.999951 0.009736 7.257300 -0.378260 -0.008320 0.925662 -0.789700 0.000000 0.000000 0.000000 1.000000
0.928114 0.019664 0.371777 0.072000 -0.023580 0.999704 0.005989 7.257300 -0.371549 -0.014325 0.928303 -0.789700 0.000000 0.000000 0.000000 1.000000
0.931910 0.032744 0.361208 0.072000 -0.037957 0.999252 0.007343 7.257300 -0.360697 -0.020554 0.932456 -0.789700 0.000000 0.000000 0.000000 1.000000
0.936362 0.073029 0.343354 0.072000 -0.076553 0.997060 -0.003299 7.257300 -0.342586 -0.023196 0.939200 -0.789700 0.000000 0.000000 0.000000 1.000000
0.945756 0.115269 0.303742 0.072000 -0.114759 0.993200 -0.019590 7.257300 -0.303935 -0.016329 0.952553 -0.789700 0.000000 0.000000 0.000000 1.000000
0.959242 0.136408 0.247482 0.072000 -0.133804 0.990629 -0.027394 7.257300 -0.248900 -0.006837 0.968505 -0.789700 0.000000 0.000000 0.000000 1.000000
0.969593 0.136209 0.203312 0.072000 -0.132975 0.990679 -0.029553 7.257300 -0.205442 0.001619 0.978668 -0.789700 0.000000 0.000000 0.000000 1.000000
0.979170 0.116729 0.166134 0.072000 -0.113904 0.993139 -0.026468 7.257300 -0.168084 0.006993 0.985748 -0.789700 0.000000 0.000000 0.000000 1.000000
0.986046 0.090550 0.139692 0.072000 -0.088494 0.995858 -0.020875 7.257300 -0.141004 0.008222 0.989975 -0.789700 0.000000 0.000000 0.000000 1.000000
0.990229 0.062577 0.124621 0.072000 -0.060995 0.998002 -0.016473 7.257300 -0.125403 0.008711 0.992068 -0.789700 0.000000 0.000000 0.000000 1.000000
0.992990 0.038364 0.111802 0.072000 -0.037214 0.999231 -0.012355 7.257300 -0.112190 0.008108 0.993654 -0.789700 0.000000 0.000000 0.000000 1.000000
0.994872 0.026181 0.097698 0.072000 -0.025408 0.999635 -0.009142 7.257300 -0.097902 0.006613 0.995174 -0.789700 0.000000 0.000000 0.000000 1.000000
0.996542 0.023701 0.079640 0.072000 -0.023439 0.999716 -0.004230 7.257300 -0.079718 0.002349 0.996815 -0.789700 0.000000 0.000000 0.000000 1.000000
0.998011 0.035116 0.052362 0.072000 -0.035171 0.999381 0.000120 7.257300 -0.052326 -0.001961 0.998628 -0.789700 0.000000 0.000000 0.000000 1.000000
0.998586 0.043399 0.030700 0.072000 -0.043396 0.999058 -0.000762 7.257300 -0.030704 -0.000571 0.999528 -0.789700 0.000000 0.000000 0.000000 1.000000
0.998936 0.040121 0.022756 0.072000 -0.040060 0.999192 -0.003132 7.257300 -0.022864 0.002217 0.999736 -0.789700 0.000000 0.000000 0.000000 1.000000
0.999493 0.020354 0.024470 0.072000 -0.020215 0.999778 -0.005881 7.257300 -0.024584 0.005383 0.999683 -0.789700 0.000000 0.000000 0.000000 1.000000
0.999648 0.001331 0.026488 0.072000 -0.001187 0.999984 -0.005483 7.257300 -0.026494 0.005449 0.999634 -0.789700 0.000000 0.000000 0.000000 1.000000
0.999380 -0.017218 0.030727 0.072000 0.017168 0.999851 0.001885 7.257300 -0.030755 -0.001357 0.999526 -0.789700 0.000000 0.000000 0.000000 1.000000
0.998668 -0.038829 0.033980 0.072000 0.038701 0.999241 0.004410 7.257300 -0.034125 -0.003089 0.999413 -0.789700 0.000000 0.000000 0.000000 1.000000
0.996712 -0.072114 0.036941 0.072000 0.072142 0.997394 0.000574 7.257300 -0.036886 0.002093 0.999317 -0.789700 0.000000 0.000000 0.000000 1.000000
0.994755 -0.088748 0.050852 0.072000 0.088893 0.996041 -0.000579 7.257300 -0.050599 0.005096 0.998706 -0.789700 0.000000 0.000000 0.000000 1.000000
0.993555 -0.084028 0.076080 0.072000 0.084300 0.996440 -0.000366 7.257300 -0.075778 0.006777 0.997102 -0.789700 0.000000 0.000000 0.000000 1.000000
0.992276 -0.076274 0.097826 0.072000 0.076686 0.997055 -0.000455 7.257300 -0.097503 0.007954 0.995203 -0.789700 0.000000 0.000000 0.000000 1.000000
0.991549 -0.063330 0.113221 0.072000 0.063914 0.997954 -0.001525 7.257300 -0.112893 0.008749 0.993569 -0.789700 0.000000 0.000000 0.000000 1.000000
0.990551 -0.038917 0.131508 0.072000 0.039647 0.999209 -0.002934 7.257300 -0.131289 0.008120 0.991311 -0.789700 0.000000 0.000000 0.000000 1.000000</float_array>
        <technique_common>
          <accessor source="#mixamorig_Spine-Matrix-animation-output-transform-array" count="32" stride="16">
            <param type="float4x4"/>
          </accessor>
        </technique_common>
      </source>
      <source id="mixamorig_Spine-Interpolations">
        <Name_array id="mixamorig_Spine-Interpolations-array" count="32">
 LINEAR LINEAR LINEAR LINEAR LINEAR LINEAR LINEAR LINEAR LINEAR LINEAR LINEAR
LINEAR LINEAR LINEAR LINEAR LINEAR LINEAR LINEAR LINEAR LINEAR LINEAR LINEAR LINEAR
LINEAR LINEAR LINEAR LINEAR LINEAR LINEAR LINEAR LINEAR LINEAR</Name_array>
        <technique_common>
          <accessor source="#mixamorig_Spine-Interpolations-array" count="32">
            <param type="name"/>
          </accessor>
        </technique_common>
      </source>
      <sampler id="mixamorig_Spine-Matrix-animation-transform">
        <input semantic="INPUT" source="#mixamorig_Spine-Matrix-animation-input"/>
        <input semantic="OUTPUT" source="#mixamorig_Spine-Matrix-animation-output-transform"/>
        <input semantic="INTERPOLATION" source="#mixamorig_Spine-Interpolations"/>
      </sampler>
      <channel source="#mixamorig_Spine-Matrix-animation-transform" target="mixamorig_Spine/matrix"/>
    </animation>
    <animation id="mixamorig_Spine1-anim" name="mixamorig_Spine1">
      <source id="mixamorig_Spine1-Matrix-animation-input">
        <float_array id="mixamorig_Spine1-Matrix-animation-input-array" count="32">

0.000000 0.033333 0.066667 0.100000 0.133333 0.166667 0.200000 0.233333 0.266667 0.300000 0.333333 0.366667 0.400000 0.433333 0.466667 0.500000
0.533333 0.566667 0.600000 0.633333 0.666667 0.700000 0.733333 0.766667 0.800000 0.833333 0.866667 0.900000 0.933333 0.966667 1.000000 1.033333</float_array>
        <technique_common>
          <accessor source="#mixamorig_Spine1-Matrix-animation-input-array" count="32">
            <param name="TIME" type="float"/>
          </accessor>
        </technique_common>
      </source>
      <source id="mixamorig_Spine1-Matrix-animation-output-transform">
        <float_array id="mixamorig_Spine1-Matrix-animation-output-transform-array" count="512">

0.996539 -0.000786 0.083119 0.000000 0.006858 0.997324 -0.072781 8.558700 -0.082839 0.073099 0.993878 0.000000 0.000000 0.000000 0.000000 1.000000
0.995905 0.006978 0.090131 0.000000 -0.000609 0.997512 -0.070497 8.558700 -0.090399 0.070153 0.993432 0.000000 0.000000 0.000000 0.000000 1.000000
0.995092 0.009073 0.098539 0.000000 -0.002603 0.997843 -0.065592 8.558700 -0.098922 0.065014 0.992969 0.000000 0.000000 0.000000 0.000000 1.000000
0.994179 0.005767 0.107585 0.000000 0.000780 0.998155 -0.060713 8.558700 -0.107736 0.060443 0.992340 0.000000 0.000000 0.000000 0.000000 1.000000
0.993109 0.001172 0.117189 0.000000 0.005379 0.998441 -0.055564 8.558700 -0.117071 0.055811 0.991554 0.000000 0.000000 0.000000 0.000000 1.000000
0.992213 -0.001187 0.124545 -0.000000 0.007962 0.998514 -0.053916 8.558700 -0.124296 0.054488 0.990748 0.000000 0.000000 0.000000 0.000000 1.000000
0.991843 0.002137 0.127446 -0.000000 0.005152 0.998370 -0.056839 8.558700 -0.127360 0.057032 0.990216 0.000000 0.000000 0.000000 0.000000 1.000000
0.991702 0.012015 0.127998 0.000000 -0.004471 0.998244 -0.059067 8.558700 -0.128482 0.058004 0.990014 -0.000000 0.000000 0.000000 0.000000 1.000000
0.991937 0.023663 0.124503 -0.000000 -0.016578 0.998200 -0.057639 8.558700 -0.125643 0.055110 0.990544 -0.000000 0.000000 0.000000 0.000000 1.000000
0.992241 0.034546 0.119436 -0.000000 -0.027325 0.997728 -0.061581 8.558700 -0.121292 0.057839 0.990930 0.000000 0.000000 0.000000 0.000000 1.000000
0.991719 0.040452 0.121890 -0.000000 -0.032295 0.997151 -0.068166 8.558700 -0.124300 0.063665 0.990200 -0.000000 0.000000 0.000000 0.000000 1.000000
0.991166 0.042293 0.125701 -0.000000 -0.033466 0.996878 -0.071519 8.558700 -0.128334 0.066681 0.989487 0.000000 0.000000 0.000000 0.000000 1.000000
0.992074 0.038560 0.119596 0.000000 -0.029837 0.996820 -0.073886 8.558700 -0.122065 0.069732 0.990069 0.000000 0.000000 0.000000 0.000000 1.000000
0.993720 0.031028 0.107507 -0.000000 -0.022991 0.996903 -0.075205 8.558700 -0.109508 0.072261 0.991356 0.000000 0.000000 0.000000 0.000000 1.000000
0.995133 0.022924 0.095834 -0.000000 -0.015733 0.997049 -0.075134 8.558700 -0.097273 0.073261 0.992558 0.000000 0.000000 0.000000 0.000000 1.000000
0.996077 0.014218 0.087346 0.000000 -0.007660 0.997156 -0.074972 8.558700 -0.088164 0.074009 0.993353 -0.000000 0.000000 0.000000 0.000000 1.000000
0.996586 0.007562 0.082218 0.000000 -0.001429 0.997228 -0.074392 8.558700 -0.082552 0.074020 0.993834 -0.000000 0.000000 0.000000 0.000000 1.000000
0.996867 0.004608 0.078960 0.000000 0.001193 0.997312 -0.073265 8.558700 -0.079085 0.073129 0.994182 -0.000000 0.000000 0.000000 0.000000 1.000000
0.997228 0.007098 0.074065 0.000000 -0.001896 0.997541 -0.070067 8.558700 -0.074381 0.069732 0.994789 0.000000 0.000000 0.000000 0.000000 1.000000
0.997685 0.014066 0.066537 0.000000 -0.009714 0.997820 -0.065280 8.558700 -0.067310 0.064483 0.995646 0.000000 0.000000 0.000000 0.000000 1.000000
0.998058 0.018952 0.059334 0.000000 -0.015066 0.997754 -0.065269 8.558700 -0.060437 0.064249 0.996102 -0.000000 0.000000 0.000000 0.000000 1.000000
0.998325 0.018559 0.054796 0.000000 -0.014846 0.997615 -0.067411 8.558700 -0.055916 0.066485 0.996219 0.000000 0.000000 0.000000 0.000000 1.000000
0.998513 0.010879 0.053419 0.000000 -0.007109 0.997504 -0.070258 8.558700 -0.054050 0.069774 0.996098 0.000000 0.000000 0.000000 0.000000 1.000000
0.998497 0.000536 0.054808 -0.000000 0.003388 0.997436 -0.071477 8.558700 -0.054705 0.071556 0.995935 0.000000 0.000000 0.000000 0.000000 1.000000
0.998256 -0.006076 0.058726 -0.000000 0.010089 0.997615 -0.068277 8.558700 -0.058171 0.068750 0.995936 -0.000000 0.000000 0.000000 0.000000 1.000000
0.998052 -0.014175 0.060757 0.000000 0.018285 0.997543 -0.067632 8.558700 -0.059649 0.068611 0.995859 0.000000 0.000000 0.000000 0.000000 1.000000
0.998019 -0.024938 0.057766 0.000000 0.029008 0.997074 -0.070724 8.558700 -0.055833 0.072259 0.995822 0.000000 0.000000 0.000000 0.000000 1.000000
0.997866 -0.026294 0.059764 0.000000 0.030565 0.996957 -0.071714 8.558700 -0.057696 0.073388 0.995633 0.000000 0.000000 0.000000 0.000000 1.000000
0.997357 -0.020446 0.069720 0.000000 0.025457 0.997097 -0.071764 8.558700 -0.068050 0.073350 0.994982 0.000000 0.000000 0.000000 0.000000 1.000000
0.996931 -0.015348 0.076763 0.000000 0.020877 0.997204 -0.071752 8.558700 -0.075448 0.073135 0.994464 0.000000 0.000000 0.000000 0.000000 1.000000
0.996817 -0.009458 0.079161 0.000000 0.015213 0.997259 -0.072407 8.558700 -0.078259 0.073381 0.994229 0.000000 0.000000 0.000000 0.000000 1.000000
0.996539 -0.000786 0.083119 -0.000000 0.006858 0.997324 -0.072781 8.558700 -0.082839 0.073099 0.993878 0.000000 0.000000 0.000000 0.000000 1.000000</float_array>
        <technique_common>
          <accessor source="#mixamorig_Spine1-Matrix-animation-output-transform-array" count="32" stride="16">
            <param type="float4x4"/>
          </accessor>
        </technique_common>
      </source>
      <source id="mixamorig_Spine1-Interpolations">
        <Name_array id="mixamorig_Spine1-Interpolations-array" count="32">
 LINEAR LINEAR LINEAR LINEAR LINEAR LINEAR LINEAR LINEAR LINEAR LINEAR LINEAR
LINEAR LINEAR LINEAR LINEAR LINEAR LINEAR LINEAR LINEAR LINEAR LINEAR LINEAR LINEAR
LINEAR LINEAR LINEAR LINEAR LINEAR LINEAR LINEAR LINEAR LINEAR</Name_array>
        <technique_common>
          <accessor source="#mixamorig_Spine1-Interpolations-array" count="32">
            <param type="name"/>
          </accessor>
        </technique_common>
      </source>
      <sampler id="mixamorig_Spine1-Matrix-animation-transform">
        <input semantic="INPUT" source="#mixamorig_Spine1-Matrix-animation-input"/>
        <input semantic="OUTPUT" source="#mixamorig_Spine1-Matrix-animation-output-transform"/>
        <input semantic="INTERPOLATION" source="#mixamorig_Spine1-Interpolations"/>
      </sampler>
      <channel source="#mixamorig_Spine1-Matrix-animation-transform" target="mixamorig_Spine1/matrix"/>
    </animation>
    <animation id="mixamorig_Spine2-anim" name="mixamorig_Spine2">
      <source id="mixamorig_Spine2-Matrix-animation-input">
        <float_array id="mixamorig_Spine2-Matrix-animation-input-array" count="32">

0.000000 0.033333 0.066667 0.100000 0.133333 0.166667 0.200000 0.233333 0.266667 0.300000 0.333333 0.366667 0.400000 0.433333 0.466667 0.500000
0.533333 0.566667 0.600000 0.633333 0.666667 0.700000 0.733333 0.766667 0.800000 0.833333 0.866667 0.900000 0.933333 0.966667 1.000000 1.033333</float_array>
        <technique_common>
          <accessor source="#mixamorig_Spine2-Matrix-animation-input-array" count="32">
            <param name="TIME" type="float"/>
          </accessor>
        </technique_common>
      </source>
      <source id="mixamorig_Spine2-Matrix-animation-output-transform">
        <float_array id="mixamorig_Spine2-Matrix-animation-output-transform-array" count="512">

0.996504 0.006745 0.083277 -0.000000 0.007239 0.986019 -0.166478 29.149500 -0.083236 0.166499 0.982522 1.721100 0.000000 0.000000 0.000000 1.000000
0.995853 0.015242 0.089694 -0.000000 -0.000329 0.986463 -0.163985 29.149500 -0.090980 0.163275 0.982377 1.721100 0.000000 0.000000 0.000000 1.000000
0.995014 0.018397 0.098019 0.000000 -0.002615 0.987313 -0.158764 29.149500 -0.099696 0.157716 0.982439 1.721100 0.000000 0.000000 0.000000 1.000000
0.994088 0.016367 0.107337 -0.000000 0.000329 0.988114 -0.153720 29.149500 -0.108577 0.152847 0.982267 1.721100 0.000000 0.000000 0.000000 1.000000
0.993016 0.013336 0.117226 0.000000 0.004269 0.988879 -0.148659 29.149500 -0.117905 0.148121 0.981916 1.721100 0.000000 0.000000 0.000000 1.000000
0.992115 0.011868 0.124764 0.000000 0.006648 0.989122 -0.146948 29.149500 -0.125150 0.146619 0.981244 1.721100 0.000000 0.000000 0.000000 1.000000
0.991743 0.015146 0.127340 -0.000000 0.004122 0.988723 -0.149702 29.149500 -0.128171 0.148991 0.980497 1.721100 0.000000 0.000000 0.000000 1.000000
0.991614 0.024475 0.126895 0.000000 -0.004958 0.988384 -0.151894 29.149500 -0.129139 0.149991 0.980217 1.721100 0.000000 0.000000 0.000000 1.000000
0.991858 0.035354 0.122343 0.000000 -0.016686 0.988488 -0.150377 29.149500 -0.126251 0.147111 0.981030 1.721100 0.000000 0.000000 0.000000 1.000000
0.992176 0.045427 0.116286 0.000000 -0.027119 0.987631 -0.154432 29.149500 -0.121863 0.150070 0.981136 1.721100 0.000000 0.000000 0.000000 1.000000
0.991660 0.051294 0.118234 0.000000 -0.031829 0.986441 -0.160999 29.149500 -0.124889 0.155893 0.979847 1.721100 0.000000 0.000000 0.000000 1.000000
0.991116 0.053505 0.121764 -0.000000 -0.033021 0.985838 -0.164414 29.149500 -0.128837 0.158933 0.978847 1.721100 0.000000 0.000000 0.000000 1.000000
0.992035 0.049401 0.115872 -0.000000 -0.029558 0.985497 -0.167100 29.149500 -0.122446 0.162344 0.979107 1.721100 0.000000 0.000000 0.000000 1.000000
0.993690 0.040847 0.104455 0.000000 -0.022768 0.985397 -0.168743 29.149500 -0.109823 0.165300 0.980110 1.721100 0.000000 0.000000 0.000000 1.000000
0.995107 0.031610 0.093614 0.000000 -0.015419 0.985516 -0.168879 29.149500 -0.097596 0.166609 0.981181 1.721100 0.000000 0.000000 0.000000 1.000000
0.996046 0.022069 0.086050 0.000000 -0.007260 0.985632 -0.168750 29.149500 -0.088537 0.167458 0.981896 1.721100 0.000000 0.000000 0.000000 1.000000
0.996556 0.014877 0.081577 -0.000000 -0.000949 0.985756 -0.168177 29.149500 -0.082917 0.167521 0.982375 1.721100 0.000000 0.000000 0.000000 1.000000
0.996850 0.011577 0.078461 0.000000 0.001709 0.985923 -0.167194 29.149500 -0.079292 0.166801 0.982797 1.721100 0.000000 0.000000 0.000000 1.000000
0.997233 0.013659 0.073078 0.000000 -0.001473 0.986413 -0.164278 29.149500 -0.074329 0.163715 0.983703 1.721100 0.000000 0.000000 0.000000 1.000000
0.997714 0.020136 0.064504 0.000000 -0.009587 0.987095 -0.159851 29.149500 -0.066891 0.158867 0.985031 1.721100 0.000000 0.000000 0.000000 1.000000
0.998091 0.024434 0.056723 0.000000 -0.015076 0.987020 -0.159889 29.149500 -0.059894 0.158728 0.985504 1.721100 0.000000 0.000000 0.000000 1.000000
0.998348 0.023587 0.052382 0.000000 -0.014818 0.986697 -0.161895 29.149500 -0.055504 0.160852 0.985417 1.721100 0.000000 0.000000 0.000000 1.000000
0.998524 0.015750 0.051977 0.000000 -0.006991 0.986340 -0.164576 29.149500 -0.053859 0.163969 0.984994 1.721100 0.000000 0.000000 0.000000 1.000000
0.998495 0.005460 0.054571 -0.000000 0.003659 0.986180 -0.165634 29.149500 -0.054721 0.165585 0.984676 1.721100 0.000000 0.000000 0.000000 1.000000
0.998236 -0.000972 0.059367 0.000000 0.010608 0.986697 -0.162226 29.149500 -0.058420 0.162570 0.984966 1.721100 0.000000 0.000000 0.000000 1.000000
0.998013 -0.008960 0.062363 -0.000000 0.018939 0.986720 -0.161320 29.149500 -0.060089 0.162181 0.984930 1.721100 0.000000 0.000000 0.000000 1.000000
0.997975 -0.019899 0.060412 0.000000 0.029606 0.985965 -0.164308 29.149500 -0.056295 0.165764 0.984557 1.721100 0.000000 0.000000 0.000000 1.000000
0.997831 -0.020992 0.062393 0.000000 0.031079 0.985738 -0.165393 29.149500 -0.058031 0.166973 0.984252 1.721100 0.000000 0.000000 0.000000 1.000000
0.997332 -0.014191 0.071610 0.000000 0.025909 0.985873 -0.165477 29.149500 -0.068250 0.166891 0.983610 1.721100 0.000000 0.000000 0.000000 1.000000
0.996909 -0.008359 0.078121 0.000000 0.021245 0.985962 -0.165613 29.149500 -0.075640 0.166760 0.983092 1.721100 0.000000 0.000000 0.000000 1.000000
0.996789 -0.002244 0.080045 0.000000 0.015565 0.985970 -0.166197 29.149500 -0.078549 0.166909 0.982838 1.721100 0.000000 0.000000 0.000000 1.000000
0.996504 0.006745 0.083278 0.000000 0.007239 0.986019 -0.166478 29.149500 -0.083236 0.166499 0.982522 1.721100 0.000000 0.000000 0.000000 1.000000</float_array>
        <technique_common>
          <accessor source="#mixamorig_Spine2-Matrix-animation-output-transform-array" count="32" stride="16">
            <param type="float4x4"/>
          </accessor>
        </technique_common>
      </source>
      <source id="mixamorig_Spine2-Interpolations">
        <Name_array id="mixamorig_Spine2-Interpolations-array" count="32">
 LINEAR LINEAR LINEAR LINEAR LINEAR LINEAR LINEAR LINEAR LINEAR LINEAR LINEAR
LINEAR LINEAR LINEAR LINEAR LINEAR LINEAR LINEAR LINEAR LINEAR LINEAR LINEAR LINEAR
LINEAR LINEAR LINEAR LINEAR LINEAR LINEAR LINEAR LINEAR LINEAR</Name_array>
        <technique_common>
          <accessor source="#mixamorig_Spine2-Interpolations-array" count="32">
            <param type="name"/>
          </accessor>
        </technique_common>
      </source>
      <sampler id="mixamorig_Spine2-Matrix-animation-transform">
        <input semantic="INPUT" source="#mixamorig_Spine2-Matrix-animation-input"/>
        <input semantic="OUTPUT" source="#mixamorig_Spine2-Matrix-animation-output-transform"/>
        <input semantic="INTERPOLATION" source="#mixamorig_Spine2-Interpolations"/>
      </sampler>
      <channel source="#mixamorig_Spine2-Matrix-animation-transform" target="mixamorig_Spine2/matrix"/>
    </animation>
    <animation id="mixamorig_Neck-anim" name="mixamorig_Neck">
      <source id="mixamorig_Neck-Matrix-animation-input">
        <float_array id="mixamorig_Neck-Matrix-animation-input-array" count="32">

0.000000 0.033333 0.066667 0.100000 0.133333 0.166667 0.200000 0.233333 0.266667 0.300000 0.333333 0.366667 0.400000 0.433333 0.466667 0.500000
0.533333 0.566667 0.600000 0.633333 0.666667 0.700000 0.733333 0.766667 0.800000 0.833333 0.866667 0.900000 0.933333 0.966667 1.000000 1.033333</float_array>
        <technique_common>
          <accessor source="#mixamorig_Neck-Matrix-animation-input-array" count="32">
            <param name="TIME" type="float"/>
          </accessor>
        </technique_common>
      </source>
      <source id="mixamorig_Neck-Matrix-animation-output-transform">
        <float_array id="mixamorig_Neck-Matrix-animation-output-transform-array" count="512">

0.994679 -0.032993 0.097600 0.000000 0.041118 0.995748 -0.082439 13.857900 -0.094465 0.086013 0.991805 7.405300 0.000000 0.000000 0.000000 1.000000
0.994724 -0.031799 0.097531 -0.000000 0.039978 0.995740 -0.083089 13.857900 -0.094474 0.086549 0.991758 7.405300 0.000000 0.000000 0.000000 1.000000
0.994858 -0.026725 0.097692 -0.000000 0.034867 0.995971 -0.082615 13.857900 -0.095090 0.085596 0.991782 7.405300 0.000000 0.000000 0.000000 1.000000
0.994889 -0.022706 0.098385 0.000000 0.030558 0.996402 -0.079052 13.857900 -0.096236 0.081654 0.992004 7.405300 0.000000 0.000000 0.000000 1.000000
0.994727 -0.023757 0.099773 -0.000000 0.031234 0.996764 -0.074062 13.857900 -0.097691 0.076788 0.992250 7.405300 0.000000 0.000000 0.000000 1.000000
0.994542 -0.022921 0.101789 0.000000 0.029919 0.997252 -0.067769 13.857900 -0.099956 0.070445 0.992495 7.405300 0.000000 0.000000 0.000000 1.000000
0.994452 -0.020806 0.103114 0.000000 0.027610 0.997503 -0.065003 13.857900 -0.101504 0.067490 0.992543 7.405300 0.000000 0.000000 0.000000 1.000000
0.994459 -0.023110 0.102550 -0.000000 0.029842 0.997464 -0.064612 13.857900 -0.100797 0.067314 0.992627 7.405300 0.000000 0.000000 0.000000 1.000000
0.994643 -0.022863 0.100813 0.000000 0.029594 0.997395 -0.065780 13.857900 -0.099046 0.068411 0.992728 7.405300 0.000000 0.000000 0.000000 1.000000
0.994863 -0.025498 0.097965 -0.000000 0.032107 0.997271 -0.066482 13.857900 -0.096003 0.069286 0.992967 7.405300 0.000000 0.000000 0.000000 1.000000
0.995082 -0.018838 0.097252 0.000000 0.025872 0.997099 -0.071586 13.857900 -0.095621 0.073750 0.992682 7.405300 0.000000 0.000000 0.000000 1.000000
0.994990 -0.009435 0.099524 0.000000 0.017127 0.996906 -0.076720 13.857900 -0.098492 0.078041 0.992073 7.405300 0.000000 0.000000 0.000000 1.000000
0.994826 -0.008748 0.101218 -0.000000 0.016524 0.996953 -0.076237 13.857900 -0.100243 0.077515 0.991939 7.405300 0.000000 0.000000 0.000000 1.000000
0.994725 -0.008717 0.102205 0.000000 0.016906 0.996689 -0.079536 13.857900 -0.101174 0.080844 0.991579 7.405300 0.000000 0.000000 0.000000 1.000000
0.994580 -0.007156 0.103725 0.000000 0.016032 0.996252 -0.084998 13.857900 -0.102728 0.086201 0.990967 7.405300 0.000000 0.000000 0.000000 1.000000
0.994457 -0.005770 0.104990 0.000000 0.014741 0.996283 -0.084871 13.857900 -0.104110 0.085948 0.990845 7.405300 0.000000 0.000000 0.000000 1.000000
0.994383 -0.007612 0.105570 0.000000 0.016277 0.996544 -0.081460 13.857900 -0.104585 0.082721 0.991070 7.405300 0.000000 0.000000 0.000000 1.000000
0.994298 -0.011063 0.106065 0.000000 0.019200 0.996923 -0.076005 13.857900 -0.104898 0.077608 0.991450 7.405300 0.000000 0.000000 0.000000 1.000000
0.994118 -0.014628 0.107314 0.000000 0.022132 0.997366 -0.069077 13.857900 -0.106021 0.071046 0.991823 7.405300 0.000000 0.000000 0.000000 1.000000
0.993896 -0.018188 0.108809 0.000000 0.025427 0.997528 -0.065511 13.857900 -0.107348 0.067878 0.991902 7.405300 0.000000 0.000000 0.000000 1.000000
0.993832 -0.019817 0.109107 -0.000000 0.026921 0.997585 -0.064028 13.857900 -0.107575 0.066570 0.991966 7.405300 0.000000 0.000000 0.000000 1.000000
0.993852 -0.018364 0.109183 0.000000 0.025357 0.997691 -0.063008 13.857900 -0.107774 0.065390 0.992023 7.405300 0.000000 0.000000 0.000000 1.000000
0.993885 -0.014910 0.109411 0.000000 0.022158 0.997618 -0.065332 13.857900 -0.108177 0.067356 0.991847 7.405300 0.000000 0.000000 0.000000 1.000000
0.994012 -0.014056 0.108363 0.000000 0.021648 0.997367 -0.069208 13.857900 -0.107105 0.071139 0.991699 7.405300 0.000000 0.000000 0.000000 1.000000
0.994184 -0.015228 0.106615 0.000000 0.022701 0.997342 -0.069237 13.857900 -0.105278 0.071255 0.991887 7.405300 0.000000 0.000000 0.000000 1.000000
0.994256 -0.013870 0.106126 0.000000 0.020997 0.997577 -0.066331 13.857900 -0.104949 0.068178 0.992138 7.405300 0.000000 0.000000 0.000000 1.000000
0.994365 -0.013497 0.105144 0.000000 0.020360 0.997711 -0.064479 13.857900 -0.104033 0.066257 0.992364 7.405300 0.000000 0.000000 0.000000 1.000000
0.994607 -0.018582 0.102040 -0.000000 0.025217 0.997624 -0.064117 13.857900 -0.100606 0.066345 0.992712 7.405300 0.000000 0.000000 0.000000 1.000000
0.994769 -0.025465 0.098921 0.000000 0.032110 0.997291 -0.066180 13.857900 -0.096968 0.069010 0.992892 7.405300 0.000000 0.000000 0.000000 1.000000
0.994754 -0.030093 0.097769 0.000000 0.037248 0.996694 -0.072206 13.857900 -0.095273 0.075469 0.992586 7.405300 0.000000 0.000000 0.000000 1.000000
0.994699 -0.032076 0.097698 0.000000 0.039868 0.996087 -0.078877 13.857900 -0.094786 0.082354 0.992085 7.405300 0.000000 0.000000 0.000000 1.000000
0.994679 -0.032993 0.097600 -0.000000 0.041118 0.995748 -0.082439 13.857900 -0.094465 0.086013 0.991805 7.405300 0.000000 0.000000 0.000000 1.000000</float_array>
        <technique_common>
          <accessor source="#mixamorig_Neck-Matrix-animation-output-transform-array" count="32" stride="16">
            <param type="float4x4"/>
          </accessor>
        </technique_common>
      </source>
      <source id="mixamorig_Neck-Interpolations">
        <Name_array id="mixamorig_Neck-Interpolations-array" count="32">
 LINEAR LINEAR LINEAR LINEAR LINEAR LINEAR LINEAR LINEAR LINEAR LINEAR LINEAR
LINEAR LINEAR LINEAR LINEAR LINEAR LINEAR LINEAR LINEAR LINEAR LINEAR LINEAR LINEAR
LINEAR LINEAR LINEAR LINEAR LINEAR LINEAR LINEAR LINEAR LINEAR</Name_array>
        <technique_common>
          <accessor source="#mixamorig_Neck-Interpolations-array" count="32">
            <param type="name"/>
          </accessor>
        </technique_common>
      </source>
      <sampler id="mixamorig_Neck-Matrix-animation-transform">
        <input semantic="INPUT" source="#mixamorig_Neck-Matrix-animation-input"/>
        <input semantic="OUTPUT" source="#mixamorig_Neck-Matrix-animation-output-transform"/>
        <input semantic="INTERPOLATION" source="#mixamorig_Neck-Interpolations"/>
      </sampler>
      <channel source="#mixamorig_Neck-Matrix-animation-transform" target="mixamorig_Neck/matrix"/>
    </animation>
    <animation id="mixamorig_Head-anim" name="mixamorig_Head">
      <source id="mixamorig_Head-Matrix-animation-input">
        <float_array id="mixamorig_Head-Matrix-animation-input-array" count="32">

0.000000 0.033333 0.066667 0.100000 0.133333 0.166667 0.200000 0.233333 0.266667 0.300000 0.333333 0.366667 0.400000 0.433333 0.466667 0.500000
0.533333 0.566667 0.600000 0.633333 0.666667 0.700000 0.733333 0.766667 0.800000 0.833333 0.866667 0.900000 0.933333 0.966667 1.000000 1.033333</float_array>
        <technique_common>
          <accessor source="#mixamorig_Head-Matrix-animation-input-array" count="32">
            <param name="TIME" type="float"/>
          </accessor>
        </technique_common>
      </source>
      <source id="mixamorig_Head-Matrix-animation-output-transform">
        <float_array id="mixamorig_Head-Matrix-animation-output-transform-array" count="512">

0.810834 0.104857 0.575806 0.000000 -0.177512 0.981538 0.071226 8.198500 -0.557707 -0.159965 0.814478 5.703100 0.000000 0.000000 0.000000 1.000000
0.812518 0.100175 0.574265 0.000000 -0.171686 0.982552 0.071520 8.198500 -0.557080 -0.156705 0.815540 5.703100 0.000000 0.000000 0.000000 1.000000
0.811887 0.104609 0.574366 -0.000000 -0.176556 0.981744 0.070763 8.198500 -0.556478 -0.158859 0.815534 5.703100 0.000000 0.000000 0.000000 1.000000
0.807098 0.115988 0.578912 0.000000 -0.188831 0.979724 0.066968 8.198500 -0.559407 -0.163366 0.812635 5.703100 0.000000 0.000000 0.000000 1.000000
0.799238 0.123391 0.588212 -0.000000 -0.197259 0.978338 0.062798 8.198500 -0.567722 -0.166221 0.806265 5.703100 0.000000 0.000000 0.000000 1.000000
0.792402 0.123087 0.597451 -0.000000 -0.203168 0.976764 0.068230 8.198500 -0.575170 -0.175449 0.798997 5.703100 0.000000 0.000000 0.000000 1.000000
0.790799 0.114351 0.601299 -0.000000 -0.207904 0.974168 0.088165 8.198500 -0.575685 -0.194733 0.794145 5.703100 0.000000 0.000000 0.000000 1.000000
0.796230 0.096577 0.597235 -0.000000 -0.201507 0.973145 0.111285 8.198500 -0.570449 -0.208956 0.794308 5.703100 0.000000 0.000000 0.000000 1.000000
0.808659 0.076491 0.583283 0.000000 -0.181683 0.975513 0.123957 8.198500 -0.559519 -0.206211 0.802755 5.703100 0.000000 0.000000 0.000000 1.000000
0.822140 0.061417 0.565963 0.000000 -0.164540 0.977369 0.132956 8.198500 -0.544989 -0.202432 0.813639 5.703100 0.000000 0.000000 0.000000 1.000000
0.828030 0.057572 0.557720 0.000000 -0.161911 0.976889 0.139544 8.198500 -0.536796 -0.205848 0.818215 5.703100 0.000000 0.000000 0.000000 1.000000
0.823925 0.063034 0.563182 0.000000 -0.164553 0.977587 0.131321 8.198500 -0.542282 -0.200872 0.815831 5.703100 0.000000 0.000000 0.000000 1.000000
0.818552 0.073703 0.569685 0.000000 -0.166407 0.979634 0.112362 8.198500 -0.549801 -0.186773 0.814146 5.703100 0.000000 0.000000 0.000000 1.000000
0.816499 0.078880 0.571934 0.000000 -0.163946 0.981521 0.098683 8.198500 -0.553581 -0.174341 0.814342 5.703100 0.000000 0.000000 0.000000 1.000000
0.813504 0.081262 0.575854 0.000000 -0.162716 0.982446 0.091230 8.198500 -0.558332 -0.167917 0.812446 5.703100 0.000000 0.000000 0.000000 1.000000
0.810361 0.087226 0.579403 -0.000000 -0.165953 0.982533 0.084188 8.198500 -0.561939 -0.164377 0.810682 5.703100 0.000000 0.000000 0.000000 1.000000
0.807139 0.092664 0.583044 0.000000 -0.172623 0.981486 0.082982 8.198500 -0.564560 -0.167625 0.808192 5.703100 0.000000 0.000000 0.000000 1.000000
0.803453 0.096705 0.587462 0.000000 -0.182271 0.979295 0.088080 8.198500 -0.566781 -0.177845 0.804444 5.703100 0.000000 0.000000 0.000000 1.000000
0.800006 0.095650 0.592319 -0.000000 -0.188147 0.977410 0.096281 8.198500 -0.569730 -0.188469 0.799930 5.703100 0.000000 0.000000 0.000000 1.000000
0.797673 0.090048 0.596330 0.000000 -0.191249 0.975525 0.108514 8.198500 -0.571963 -0.200607 0.795371 5.703100 0.000000 0.000000 0.000000 1.000000
0.795947 0.093533 0.598097 0.000000 -0.203536 0.971823 0.118887 8.198500 -0.570125 -0.216362 0.792556 5.703100 0.000000 0.000000 0.000000 1.000000
0.793139 0.103928 0.600108 -0.000000 -0.219227 0.968003 0.122102 8.198500 -0.568217 -0.228404 0.790545 5.703100 0.000000 0.000000 0.000000 1.000000
0.788914 0.117173 0.603229 -0.000000 -0.230125 0.966553 0.113215 8.198500 -0.569788 -0.228135 0.789491 5.703100 0.000000 0.000000 0.000000 1.000000
0.787910 0.129275 0.602068 0.000000 -0.228019 0.969466 0.090239 8.198500 -0.572018 -0.208383 0.793329 5.703100 0.000000 0.000000 0.000000 1.000000
0.787729 0.141765 0.599487 0.000000 -0.228054 0.971128 0.070015 8.198500 -0.572253 -0.191868 0.797316 5.703100 0.000000 0.000000 0.000000 1.000000
0.781999 0.157661 0.603010 0.000000 -0.248477 0.966132 0.069629 8.198500 -0.571609 -0.204284 0.794689 5.703100 0.000000 0.000000 0.000000 1.000000
